H,T,m1,dm1,m2,dm2,amp,phase,Hamp,f,chi1,chi2,Tround
Oe,K,emu,emu,emu,emu,emu,deg,Oe,Hz,cm3/mol,cm3/mol,K
1.3,3.304944705732808e-06, holder=58.19mg,wosk=0.43mg,,,,,,,,,
400.0,3.999629,0.0002472604,0.0,1.059246e-06,0.0,0.0002472626,0.24544960000000002,3.0,0.100003,24.93843034358974,0.10683446515384615,4.0
400.0,3.999629,0.0002465236,0.0,1.6508289999999999e-06,0.0,0.0002465291,0.3836717,3.0,0.1427445,24.86411745128205,0.16650091978205125,4.0
400.0,3.9994330000000002,0.0002468259,0.0,2.2962110000000002e-06,0.0,0.0002468366,0.5330048000000001,3.0,0.2037335,24.894607119230766,0.2315934863717949,4.0
400.0,3.9991199999999996,0.000246623,0.0,2.9369439999999997e-06,0.0,0.0002466405,0.6822825,3.0,0.2908745,24.874142833333334,0.29621715958974354,4.0
400.0,3.998885,0.00024596810000000003,0.0,3.9664729999999995e-06,0.0,0.0002460001,0.9238696,3.0,0.41520519999999994,24.808090291025643,0.40005439860256403,4.0
400.0,3.9985720000000002,0.0002453529,0.0,5.255255e-06,0.0,0.0002454092,1.22704,3.0,0.5925744000000001,24.746041849999997,0.5300396292948717,4.0
400.0,3.9988059999999996,0.0002443203,0.0,6.635116000000001e-06,0.0,0.0002444104,1.555625,3.0,0.8457527,24.64189487307692,0.6692109945128205,4.0
400.0,3.998415,0.0002431129,0.0,8.404452e-06,0.0,0.0002432581,1.9799360000000001,3.0,1.206626,24.520117747435897,0.8476644087692307,4.0
400.0,3.998651,0.0002408791,0.0,1.0242429999999999e-05,0.0,0.0002410968,2.4348099999999997,3.0,1.7230919999999998,24.294818970512818,1.0330409847435895,4.0
400.0,3.9984550000000003,0.00023783970000000002,0.0,1.155941e-05,0.0,0.0002381204,2.782483,3.0,2.459855,23.988268203846154,1.1658702367948717,4.0
400.0,3.9981419999999996,0.0002343038,0.0,1.2461e-05,0.0,0.0002346349,3.044299,3.0,3.51071,23.631640956410255,1.2568036794871793,4.0
400.0,3.9980629999999997,0.00023060099999999998,0.0,1.26597e-05,0.0,0.00023094819999999999,3.142311,3.0,5.012297,23.258180346153843,1.2768443576923076,4.0
400.0,3.998298,0.00022696830000000002,0.0,1.214665e-05,0.0,0.0002272931,3.063374,3.0,7.154304,22.89178995,1.225098660897436,4.0
400.0,3.9984550000000003,0.00022360849999999999,0.0,1.126654e-05,0.0,0.00022389220000000002,2.884416,3.0,10.20797,22.552923967948715,1.136331668974359,4.0
400.0,3.9981809999999998,0.0002207271,0.0,9.852221e-06,0.0,0.00022094689999999998,2.555718,3.0,14.575560000000001,22.26230891923077,0.9936849052179486,4.0
400.0,3.998102,0.00021842240000000002,0.0,8.102458000000001e-06,0.0,0.00021857270000000002,2.1244330000000002,3.0,20.81483,22.02985924102564,0.8172056036666667,4.0
400.0,3.998103,0.000216248,0.0,7.053819e-06,0.0,0.000216363,1.8682759999999998,3.0,29.695909999999998,21.810551487179485,0.7114409496538461,4.0
400.0,3.9981419999999996,0.00021549990000000003,0.0,5.7188959999999995e-06,0.0,0.00021557580000000002,1.520148,3.0,42.382459999999995,21.73509888846154,0.576801985025641,4.0
400.0,3.9981800000000005,0.0002146598,0.0,4.32755e-06,0.0,0.0002147034,1.154929,3.0,60.483869999999996,21.650367264102563,0.4364722544871794,4.0
400.0,3.998103,0.0002137536,0.0,3.42047e-06,0.0,0.0002137809,0.9167649,3.0,86.32597,21.55896886153846,0.34498509602564104,4.0
400.0,3.997947,0.0002134886,0.0,2.410265e-06,0.0,0.00021350229999999998,0.646836,3.0,123.1932,21.53224123333333,0.24309685583333332,4.0
400.0,3.997985,0.0002133096,0.0,1.8547319999999998e-06,0.0,0.0002133177,0.4981754,3.0,175.8912,21.514187476923077,0.1870663672307692,4.0
400.0,3.9980629999999997,0.0002126648,0.0,1.396402e-06,0.0,0.0002126694,0.37621079999999996,3.0,251.3405,21.44915361025641,0.1408396735128205,4.0
400.0,3.9984940000000004,0.0002125277,0.0,8.910239e-07,0.0,0.00021252950000000002,0.2402116,3.0,357.8244,21.435325844871794,0.08986775668333333,4.0
400.0,3.99865,0.0002123383,2.68254e-08,2.440077e-07,2.281904e-08,0.0002123385,0.06584118,3.0,512.2951,21.416223155128204,0.024610366357692304,4.0
400.0,3.998533,0.0002122047,3.714603e-08,-3.7517109999999996e-07,4.1946670000000003e-07,0.00021220509999999999,-0.10128780000000001,3.0,732.4219,21.402748396153846,-0.0378393723551282,4.0
400.0,3.998905,0.0002119395,1.6332929999999997e-07,-1.3241450000000001e-06,5.722945e-07,0.00021194360000000001,-0.3579712,3.0,1041.667,21.376000596153844,-0.1335519066025641,4.0
400.0,3.999511,0.00021365529999999998,2.932067e-07,-1.342953e-06,2.174659e-06,0.0002136595,-0.3601379,3.0,1488.095,21.54905442435897,-0.1354488621923077,4.0
400.0,3.8995290000000002,0.0002631603,0.0,1.395051e-06,0.0,0.00026316400000000003,0.30373049999999996,3.0,0.100003,26.54207795,0.1407034130384615,3.9
400.0,3.8995660000000005,0.0002629118,0.0,1.732899e-06,0.0,0.0002629175,0.3776413,3.0,0.1427445,26.517014494871795,0.1747784158076923,3.9
400.0,3.8991629999999997,0.0002629277,0.0,2.3076849999999997e-06,0.0,0.0002629378,0.5028654,3.0,0.2037335,26.518618152564102,0.2327507422435897,3.9
400.0,3.8984690000000004,0.00026247849999999997,0.0,3.094789e-06,0.0,0.0002624968,0.6755225,3.0,0.2908745,26.473312301282046,0.31213724439743584,3.9
400.0,3.89814,0.00026187009999999996,0.0,4.205799e-06,0.0,0.0002619039,0.9201271999999999,3.0,0.41520519999999994,26.411949701282044,0.4241925735,3.9
400.0,3.89825,0.000261202,0.0,5.403885e-06,0.0,0.0002612579,1.185196,3.0,0.5925744000000001,26.344565820512816,0.5450302986538461,3.9
400.0,3.8982129999999997,0.00026018009999999997,0.0,7.05237e-06,0.0,0.0002602756,1.552664,3.0,0.8457527,26.24149803461538,0.711294805,3.9
400.0,3.897885,0.0002585343,0.0,8.987936e-06,0.0,0.0002586905,1.991084,3.0,1.206626,26.07550433461538,0.9065140065641024,3.9
400.0,3.8974830000000003,0.0002560827,0.0,1.09748e-05,0.0,0.0002563178,2.453993,3.0,1.7230919999999998,25.828238473076922,1.1069070717948717,3.9
400.0,3.8977019999999998,0.0002527084,0.0,1.2452089999999998e-05,0.0,0.000253015,2.820941,3.0,2.459855,25.487910035897436,1.2559050260256408,3.9
400.0,3.897848,0.00024901830000000004,0.0,1.342739e-05,0.0,0.00024938,3.086474,3.0,3.51071,25.115730334615385,1.3542727837179487,3.9
400.0,3.8976290000000002,0.00024492080000000004,0.0,1.3657260000000001e-05,0.0,0.0002453013,3.1916189999999998,3.0,5.012297,24.70246068717949,1.3774572361538462,3.9
400.0,3.897958,0.00024123770000000002,0.0,1.3153800000000001e-05,0.0,0.00024159610000000002,3.121036,3.0,7.154304,24.330986998717947,1.326678776923077,3.9
400.0,3.897775,0.0002375605,0.0,1.2179160000000002e-05,0.0,0.0002378725,2.9348490000000003,3.0,10.20797,23.960108378205128,1.2283775861538464,3.9
400.0,3.8977019999999998,0.0002344422,0.0,1.081031e-05,0.0,0.0002346913,2.640083,3.0,14.575560000000001,23.645599838461536,1.0903167791025639,3.9
400.0,3.897738,0.00023185209999999998,0.0,8.899628e-06,0.0,0.0002320228,2.198216,3.0,20.81483,23.384365008974356,0.8976073522564102,3.9
400.0,3.897849,0.000229859,0.0,7.792560999999999e-06,0.0,0.0002299911,1.941668,3.0,29.695909999999998,23.183342987179486,0.7859497100897435,3.9
400.0,3.8980309999999996,0.0002285739,0.0,6.338976e-06,0.0,0.00022866180000000001,1.58856,3.0,42.382459999999995,23.053729119230766,0.6393426178461538,3.9
400.0,3.8979220000000003,0.0002275739,0.0,5.008462e-06,0.0,0.00022762900000000003,1.260766,3.0,60.483869999999996,22.952870144871792,0.5051483404358974,3.9
400.0,3.897885,0.00022667759999999999,0.0,3.930812e-06,0.0,0.00022671169999999999,0.9934654,3.0,86.32597,22.862470246153844,0.3964576667179487,3.9
400.0,3.897738,0.00022627189999999998,0.0,3.162636e-06,0.0,0.000226294,0.8007795,3.0,123.1932,22.82155176025641,0.31898022323076924,3.9
400.0,3.8979220000000003,0.0002257883,0.0,2.3787780000000002e-06,0.0,0.00022580080000000002,0.6036136999999999,3.0,175.8912,22.772776360256408,0.2399211093076923,3.9
400.0,3.8979220000000003,0.0002250952,0.0,1.788157e-06,0.0,0.0002251023,0.4551482,3.0,251.3405,22.702871005128205,0.1803516810128205,3.9
400.0,3.897885,0.0002250175,0.0,1.448613e-06,0.0,0.0002250222,0.3688525,3.0,357.8244,22.69503426282051,0.1461056214230769,3.9
400.0,3.8981769999999996,0.0002247234,6.523706999999999e-08,6.951325e-07,1.12496e-09,0.00022472450000000002,0.17723139999999998,3.0,512.2951,22.665371638461536,0.07011035099358974,3.9
400.0,3.8982129999999997,0.0002244898,8.711309e-08,-1.408888e-07,9.426313e-09,0.0002244899,-0.03594971,3.0,732.4219,22.64181098205128,-0.014209899866666665,3.9
400.0,3.898414,0.00022427369999999998,5.7097870000000004e-08,-2.10971e-06,6.229019e-07,0.0002242837,-0.5389709,3.0,1041.667,22.620015357692303,-0.2127831867948718,3.9
400.0,3.898835,0.0002258332,1.746481e-07,-2.4206489999999997e-07,2.997494e-07,0.0002258333,-0.06140137,3.0,1488.095,22.777304928205126,-0.02441441754230769,3.9
400.0,3.799116,0.00028027529999999996,0.0,1.1886589999999999e-06,0.0,0.0002802778,0.2429922,3.0,0.100003,28.26827929615384,0.11988692760256409,3.8
400.0,3.7986730000000004,0.00028055290000000003,0.0,1.703958e-06,0.0,0.0002805581,0.34798579999999996,3.0,0.1427445,28.296277747435898,0.17185945623076923,3.8
400.0,3.798366,0.0002798652,0.0,2.338851e-06,0.0,0.00027987490000000003,0.4788134,3.0,0.2037335,28.226917030769226,0.2358941130384615,3.8
400.0,3.80239,0.0002794135,0.0,1.359289e-06,0.0,0.0002794168,0.27873000000000003,3.0,0.100003,28.18135903205128,0.13709649439743588,3.8
400.0,3.802969,0.0002792215,0.0,1.926185e-06,0.0,0.0002792281,0.3952436,3.0,0.1427445,28.16199410897436,0.194273043525641,3.8
400.0,3.799457,0.0002797153,0.0,2.397784e-06,0.0,0.0002797256,0.4911406,3.0,0.2037335,28.211798270512816,0.24183803497435896,3.8
400.0,3.797822,0.0002792825,0.0,3.158622e-06,0.0,0.0002793004,0.6479746999999999,3.0,0.2908745,28.168146506410256,0.31857537530769225,3.8
400.0,3.7988769999999996,0.0002786134,0.0,4.409137e-06,0.0,0.00027864830000000004,0.9066464,3.0,0.41520519999999994,28.100661766666665,0.4447010356282051,3.8
400.0,3.80099,0.0002779412,0.0,6.016423e-06,0.0,0.0002780063,1.240053,3.0,0.5925744000000001,28.03286436410256,0.6068102530897436,3.8
400.0,3.7995919999999996,0.0002768411,0.0,7.302641999999999e-06,0.0,0.0002769374,1.511024,3.0,0.8457527,27.92190940641025,0.7365369822307691,3.8
400.0,3.797686,0.000275625,0.0,9.261022e-06,0.0,0.0002757805,1.9244189999999999,3.0,1.206626,27.799254807692304,0.9340571804358974,3.8
400.0,3.799524,0.000272082,0.0,1.1289929999999999e-05,0.0,0.0002723161,2.376103,3.0,1.7230919999999998,27.441911461538457,1.1386907603846153,3.8
400.0,3.798571,0.0002693827,0.0,1.291123e-05,0.0,0.0002696919,2.7440279999999997,3.0,2.459855,27.16966283205128,1.3022134155128204,3.8
400.0,3.7991839999999995,0.0002655094,0.0,1.398644e-05,0.0,0.0002658775,3.0154259999999997,3.0,3.51071,26.779005766666664,1.4106579933333332,3.8
400.0,3.7988769999999996,0.0002613947,0.0,1.4323770000000001e-05,0.0,0.0002617869,3.136526,3.0,5.012297,26.36400134487179,1.4446807511538462,3.8
400.0,3.7990129999999995,0.00025749919999999997,0.0,1.4013020000000001e-05,0.0,0.0002578802,3.114944,3.0,7.154304,25.971105210256404,1.4133388248717949,3.8
400.0,3.79949,0.0002532279,0.0,1.312671e-05,0.0,0.0002535679,2.967416,3.0,10.20797,25.540306273076922,1.3239465073076921,3.8
400.0,3.7992519999999996,0.0002499442,0.0,1.1785999999999999e-05,0.0,0.0002502219,2.699755,3.0,14.575560000000001,25.20911565897436,1.1887238717948716,3.8
400.0,3.7996260000000004,0.0002472005,0.0,9.795241e-06,0.0,0.0002473944,2.26914,3.0,20.81483,24.93238889102564,0.9879379608589742,3.8
400.0,3.7992519999999996,0.0002446554,0.0,8.641779e-06,0.0,0.000244808,2.022975,3.0,29.695909999999998,24.675692715384614,0.871600966576923,3.8
400.0,3.799661,0.0002430438,0.0,7.090664e-06,0.0,0.00024314720000000002,1.671098,3.0,42.382459999999995,24.51314839230769,0.7151570985641026,3.8
400.0,3.799729,0.0002418923,0.0,5.447228e-06,0.0,0.0002419536,1.290039,3.0,60.483869999999996,24.397009283333333,0.5494018291794871,3.8
400.0,3.7994559999999997,0.0002413575,0.0,4.444971e-06,0.0,0.0002413985,1.0550709999999999,3.0,86.32597,24.34306990384615,0.44831521611538455,3.8
400.0,3.799729,0.00024072900000000002,0.0,3.4659980000000003e-06,0.0,0.0002407539,0.8248834999999999,3.0,123.1932,24.27968003846154,0.34957700341025644,3.8
400.0,3.799899,0.00024004029999999998,0.0,2.915571e-06,0.0,0.000240058,0.6958901999999999,3.0,175.8912,24.21021846282051,0.2940615007307692,3.8
400.0,3.799354,0.0002397132,0.0,2.5775850000000003e-06,0.0,0.0002397271,0.6160656,3.0,251.3405,24.17722749230769,0.25997257942307694,3.8
400.0,3.7997970000000003,0.0002394205,0.0,1.5841249999999998e-06,0.0,0.0002394258,0.37909190000000004,3.0,357.8244,24.147706070512818,0.15977322275641023,3.8
400.0,3.7997970000000003,0.0002389932,1.6164179999999998e-07,1.179372e-06,2.809517e-07,0.0002389961,0.2827381,3.0,512.2951,24.10460903076923,0.1189502503076923,3.8
400.0,3.8001379999999996,0.0002387784,3.35549e-08,8.464986000000001e-07,6.096887e-08,0.0002387799,0.20311970000000001,3.0,732.4219,24.08294452307692,0.0853769805923077,3.8
400.0,3.8002059999999998,0.00023817520000000002,4.104584e-08,-6.233203000000001e-07,1.205223e-07,0.000238176,-0.1499329,3.0,1041.667,24.02210638974359,-0.06286744615512821,3.8
400.0,3.8000019999999997,0.00024044970000000002,1.1575979999999999e-08,1.4901400000000002e-06,1.922924e-06,0.0002404543,0.3550749,3.0,1488.095,24.251510126923076,0.15029399205128205,3.8
400.0,3.700171,0.00030057069999999997,0.0,1.174476e-06,0.0,0.000300573,0.2238815,3.0,0.100003,30.315252524358968,0.11845644476923076,3.7
400.0,3.700139,0.0003001206,0.0,1.631222e-06,0.0,0.000300125,0.31141220000000003,3.0,0.1427445,30.2698559,0.16452337787179486,3.7
400.0,3.700011,0.00030029220000000003,0.0,2.531053e-06,0.0,0.0003003028,0.4829138,3.0,0.2037335,30.2871633,0.2552794096282051,3.7
400.0,3.700139,0.00030022,0.0,3.490242e-06,0.0,0.0003002403,0.6660686,3.0,0.2908745,30.27988128205128,0.35202222838461533,3.7
400.0,3.6999800000000005,0.00029975060000000004,0.0,4.276952e-06,0.0,0.00029978110000000003,0.8174617,3.0,0.41520519999999994,30.23253807948718,0.4313689921025641,3.7
400.0,3.700012,0.0002992348,0.0,5.595379000000001e-06,0.0,0.0002992871,1.0712469999999998,3.0,0.5925744000000001,30.180515020512818,0.5643441870897437,3.7
400.0,3.6999800000000005,0.0002978686,0.0,7.263451e-06,0.0,0.0002979571,1.396867,3.0,0.8457527,30.042721489743588,0.7325842181666666,3.7
400.0,3.6999800000000005,0.0002960612,0.0,9.238735000000001e-06,0.0,0.0002962053,1.787363,3.0,1.206626,29.860428979487175,0.931809336474359,3.7
400.0,3.6999169999999997,0.0002937231,0.0,1.108633e-05,0.0,0.0002939322,2.161555,3.0,1.7230919999999998,29.624610611538458,1.118155873205128,3.7
400.0,3.6999489999999997,0.0002903802,0.0,1.276378e-05,0.0,0.00029066060000000003,2.516839,3.0,2.459855,29.287449146153843,1.2873417597435897,3.7
400.0,3.699853,0.0002862377,0.0,1.3591970000000001e-05,0.0,0.0002865602,2.718643,3.0,3.51071,28.869640844871796,1.3708721537179487,3.7
400.0,3.699853,0.00028249419999999996,0.0,1.426731e-05,0.0,0.0002828542,2.891255,3.0,5.012297,28.492075274358967,1.4389862534615383,3.7
400.0,3.6996629999999997,0.0002785275,0.0,1.402246e-05,0.0,0.00027888020000000003,2.8821209999999997,3.0,7.154304,28.09199798076923,1.4142909335897436,3.7
400.0,3.6999169999999997,0.0002746641,0.0,1.327696e-05,0.0,0.0002749847,2.767461,3.0,10.20797,27.702339419230768,1.3391005682051282,3.7
400.0,3.699821,0.0002711022,0.0,1.203025e-05,0.0,0.0002713689,2.540853,3.0,14.575560000000001,27.343089838461538,1.2133586762820512,3.7
400.0,3.69979,0.0002682518,0.0,1.0102050000000001e-05,0.0,0.00026844200000000003,2.156674,3.0,20.81483,27.055601417948715,1.0188824019230769,3.7
400.0,3.699821,0.0002656981,0.0,9.287637e-06,0.0,0.00026586029999999997,2.001994,3.0,29.695909999999998,26.798037855128204,0.9367415420384615,3.7
400.0,3.69979,0.0002643261,0.0,7.4260519999999995e-06,0.0,0.0002644304,1.6092600000000001,3.0,42.382459999999995,26.659659342307688,0.7489839882564101,3.7
400.0,3.699853,0.0002628273,0.0,6.352243e-06,0.0,0.000262904,1.384506,3.0,60.483869999999996,26.508491911538457,0.6406807138589743,3.7
400.0,3.699726,0.0002620072,0.0,5.145934e-06,0.0,0.0002620577,1.125169,3.0,86.32597,26.425777466666663,0.5190136253589743,3.7
400.0,3.6998849999999996,0.0002613844,0.0,4.1225479999999995e-06,0.0,0.0002614169,0.9035926,3.0,123.1932,26.362962497435895,0.4157959630256409,3.7
400.0,3.69979,0.0002601915,0.0,3.7060710000000002e-06,0.0,0.0002602179,0.8160445,3.0,175.8912,26.242647826923076,0.37379051996153845,3.7
400.0,3.6999169999999997,0.0002597225,0.0,3.228435e-06,0.0,0.0002597425,0.7121685000000001,3.0,251.3405,26.195344967948717,0.3256166428846154,3.7
400.0,3.700044,0.0002591633,0.0,2.720118e-06,0.0,0.00025917759999999996,0.601341,3.0,357.8244,26.13894462948718,0.2743483116153846,3.7
400.0,3.6999800000000005,0.0002584542,4.813549e-08,2.129852e-06,2.220544e-07,0.00025846290000000003,0.4721484,3.0,512.2951,26.067425530769228,0.21481468825641026,3.7
400.0,3.699933,0.0002581406,5.589397e-08,1.3996780000000002e-06,1.228841e-07,0.0002581444,0.3106634,3.0,732.4219,26.035796156410257,0.1411700875128205,3.7
400.0,3.6998849999999996,0.0002575624,1.62928e-07,7.610194e-07,6.591674000000001e-07,0.00025756360000000003,0.16929129999999998,3.0,1041.667,25.977479497435894,0.07675563615128204,3.7
400.0,3.6998050000000005,0.00025986360000000003,4.414307e-08,2.727001e-06,3.203042e-06,0.00025987790000000003,0.6012380999999999,3.0,1488.095,26.209576169230772,0.27504252393589745,3.7
400.0,3.600048,0.0003362808,0.0,1.221538e-06,0.0,0.00033628309999999997,0.2081256,3.0,0.100003,33.916936584615385,0.12320306982051282,3.6
400.0,3.6000769999999997,0.0003359132,0.0,1.261018e-06,0.0,0.0003359155,0.2150873,3.0,0.1427445,33.87986082564102,0.12718498212820512,3.6
400.0,3.600048,0.00033599599999999997,0.0,1.97007e-06,0.0,0.0003360018,0.3359426,3.0,0.2037335,33.888211948717945,0.1986992396153846,3.6
400.0,3.600106,0.00033570769999999994,0.0,2.5851100000000003e-06,0.0,0.0003357177,0.4411960999999999,3.0,0.2908745,33.85913430641025,0.2607315432051282,3.6
400.0,3.600106,0.0003352116,0.0,3.427072e-06,0.0,0.0003352291,0.5857491,3.0,0.41520519999999994,33.809098169230765,0.34565096697435893,3.6
400.0,3.5999589999999997,0.00033473650000000004,0.0,4.456434e-06,0.0,0.00033476620000000003,0.7627484999999999,3.0,0.5925744000000001,33.76118007051282,0.4494713625384615,3.6
400.0,3.5999879999999997,0.0003338233,0.0,5.698914e-06,0.0,0.000333872,0.9780383,3.0,0.8457527,33.6690756551282,0.5747866209999999,3.6
400.0,3.599871,0.0003324631,0.0,7.134489e-06,0.0,0.0003325396,1.22935,3.0,1.206626,33.531887278205126,0.7195772431153845,3.6
400.0,3.5999879999999997,0.0003305218,0.0,8.581149e-06,0.0,0.0003306332,1.487203,3.0,1.7230919999999998,33.33608975128205,0.8654858869615385,3.6
400.0,3.5999,0.0003282366,0.0,9.852984e-06,0.0,0.0003283845,1.719384,3.0,2.459855,33.105606823076926,0.9937618606153845,3.6
400.0,3.600106,0.0003254736,0.0,1.0711760000000002e-05,0.0,0.0003256498,1.884998,3.0,3.51071,32.826933476923074,1.0803771271794873,3.6
400.0,3.5999879999999997,0.0003222552,0.0,1.123486e-05,0.0,0.0003224509,1.9967080000000001,3.0,5.012297,32.50232895384615,1.1331364566666666,3.6
400.0,3.5998129999999997,0.0003193592,0.0,1.129984e-05,0.0,0.0003195591,2.026443,3.0,7.154304,32.21024136410256,1.1396902728205127,3.6
400.0,3.599783,0.0003162191,0.0,1.110282e-05,0.0,0.0003164139,2.010896,3.0,10.20797,31.893534098717947,1.1198190376923076,3.6
400.0,3.5998419999999998,0.0003135563,0.0,1.070438e-05,0.0,0.0003137389,1.955239,3.0,14.575560000000001,31.624966821794867,1.079632787948718,3.6
400.0,3.5998419999999998,0.0003109346,0.0,9.678251e-06,0.0,0.0003110852,1.782831,3.0,20.81483,31.360544848717947,0.9761384694487178,3.6
400.0,3.599929,0.00030830779999999996,0.0,9.817501e-06,0.0,0.000308464,1.823864,3.0,29.695909999999998,31.09560849487179,0.990183081628205,3.6
400.0,3.599871,0.000306883,0.0,9.310094000000001e-06,0.0,0.0003070241,1.737684,3.0,42.382459999999995,30.951904628205124,0.9390065320256411,3.6
400.0,3.599783,0.000305195,0.0,9.06409e-06,0.0,0.0003053296,1.7011470000000002,3.0,60.483869999999996,30.78165467948718,0.9141948208974358,3.6
400.0,3.5999589999999997,0.0003034291,0.0,9.137968e-06,0.0,0.0003035666,1.724979,3.0,86.32597,30.603547816666666,0.9216460802051282,3.6
400.0,3.5999,0.0003015143,0.0,9.079735e-06,0.0,0.000301651,1.7248709999999998,3.0,123.1932,30.410423052564102,0.9157727595512819,3.6
400.0,3.599929,0.0002994914,0.0,9.793713e-06,0.0,0.0002996515,1.872971,3.0,175.8912,30.20639543333333,0.9877838483461537,3.6
400.0,3.5998129999999997,0.0002971216,0.0,1.097905e-05,0.0,0.0002973244,2.1161950000000003,3.0,251.3405,29.967379835897432,1.1073357224358973,3.6
400.0,3.5998129999999997,0.000294323,0.0,1.067884e-05,0.0,0.0002945166,2.0779349999999996,3.0,357.8244,29.685115910256407,1.0770568497435895,3.6
400.0,3.5999,0.0002909774,2.578614e-08,1.109303e-05,6.657731e-08,0.0002911888,2.183249,3.0,512.2951,29.347682125641025,1.1188316283333333,3.6
400.0,3.5999589999999997,0.0002878475,2.617714e-08,1.042083e-05,1.756912e-08,0.000288036,2.0733509999999997,3.0,732.4219,29.032003621794868,1.0510342257692307,3.6
400.0,3.599886,0.0002848899,1.234771e-09,8.266503e-06,5.232966e-07,0.0002850099,1.6620549999999998,3.0,1041.667,28.733703119230768,0.8337510141153844,3.6
400.0,3.599754,0.000284674,2.274037e-08,1.002181e-05,2.233331e-06,0.0002848503,2.016237,3.0,1488.095,28.711927666666664,1.0107894778205126,3.6
400.0,3.500003,0.00039510580000000003,0.0,9.398842e-07,0.0,0.00039510690000000003,0.13629589999999997,3.0,0.100003,39.84996575128205,0.09479575642820512,3.5
400.0,3.5000839999999998,0.00039492559999999995,0.0,8.289163000000001e-07,0.0,0.0003949264,0.12025899999999999,3.0,0.1427445,39.83179096410256,0.0836036478474359,3.5
400.0,3.500139,0.0003952464,0.0,1.043843e-06,0.0,0.0003952478,0.1513173,3.0,0.2037335,39.86414652307692,0.10528093437179487,3.5
400.0,3.500165,0.0003948575,0.0,1.535977e-06,0.0,0.00039486050000000003,0.22287670000000004,3.0,0.2908745,39.82492246794871,0.15491706485897436,3.5
400.0,3.499949,0.0003942142,0.0,1.7101589999999999e-06,0.0,0.0003942179,0.24855589999999997,3.0,0.41520519999999994,39.76003988974359,0.1724848827307692,3.5
400.0,3.500003,0.0003931315,0.0,2.2636279999999997e-06,0.0,0.0003931381,0.3299021,3.0,0.5925744000000001,39.650839878205126,0.22830719841025637,3.5
400.0,3.500003,0.0003932614,0.0,2.92711e-06,0.0,0.0003932723,0.4264541,3.0,0.8457527,39.66394145897436,0.29522531243589745,3.5
400.0,3.499976,0.0003928945,0.0,3.891561e-06,0.0,0.0003929138,0.5674875,3.0,1.206626,39.62693630128204,0.3924988511153846,3.5
400.0,3.499949,0.0003918401,0.0,4.929911e-06,0.0,0.0003918711,0.7208251,3.0,1.7230919999999998,39.520590598717945,0.4972257671410256,3.5
400.0,3.499976,0.0003910003,0.0,5.554465e-06,0.0,0.0003910397,0.8138766,3.0,2.459855,39.43588923205128,0.5602176430128205,3.5
400.0,3.4998669999999996,0.00038959940000000005,0.0,6.284919e-06,0.0,0.00038965010000000005,0.924201,3.0,3.51071,39.2945958948718,0.6338904842692308,3.5
400.0,3.4998669999999996,0.00038798230000000003,0.0,6.963760999999999e-06,0.0,0.00038804480000000004,1.0282719999999999,3.0,5.012297,39.1314968474359,0.7023577921410256,3.5
400.0,3.4998120000000004,0.00038649260000000004,0.0,7.840134000000001e-06,0.0,0.0003865721,1.162105,3.0,7.154304,38.981247233333335,0.7907478740769232,3.5
400.0,3.4997580000000004,0.00038417910000000004,0.0,8.870244e-06,0.0,0.0003842815,1.322657,3.0,10.20797,38.74790999615385,0.8946437121538462,3.5
400.0,3.4997580000000004,0.00038267559999999995,0.0,1.000041e-05,0.0,0.00038280629999999996,1.4969620000000001,3.0,14.575560000000001,38.59626852820512,1.0086310957692308,3.5
400.0,3.499839,0.0003807983,0.0,1.0818239999999999e-05,0.0,0.0003809519,1.627299,3.0,20.81483,38.40692597564102,1.0911165907692306,3.5
400.0,3.4998669999999996,0.0003778272,0.0,1.347236e-05,0.0,0.00037806730000000005,2.042157,3.0,29.695909999999998,38.10726387692308,1.3588084117948718,3.5
400.0,3.4997580000000004,0.0003758041,0.0,1.581191e-05,0.0,0.00037613660000000005,2.409291,3.0,42.382459999999995,37.903216085897434,1.5947730252564103,3.5
400.0,3.4997849999999997,0.0003723026,0.0,1.816644e-05,0.0,0.0003727456,2.7935220000000003,3.0,60.483869999999996,37.55005838717948,1.8322485061538458,3.5
400.0,3.4998660000000004,0.0003683493,0.0,2.111802e-05,0.0,0.00036895419999999996,3.281261,3.0,86.32597,37.15133260384615,2.1299418376923076,3.5
400.0,3.4998120000000004,0.00036377720000000004,0.0,2.5176729999999998e-05,0.0,0.0003646475,3.959081,3.0,123.1932,36.690195287179485,2.53929916551282,3.5
400.0,3.50003,0.0003573011,0.0,2.917887e-05,0.0,0.0003584906,4.668679,3.0,175.8912,36.03702248333333,2.942950901153846,3.5
400.0,3.499921,0.0003488911,0.0,3.332572e-05,0.0,0.00035047910000000004,5.456281,3.0,251.3405,35.18879850897436,3.3611979389743585,3.5
400.0,3.4998669999999996,0.0003395636,0.0,3.5922640000000003e-05,0.0,0.0003414585,6.038893,3.0,357.8244,34.248036425641025,3.6231206266666667,3.5
400.0,3.4999339999999997,0.00032855309999999996,5.4947309999999995e-08,3.7213870000000004e-05,1.849172e-07,0.0003306539,6.462119,3.0,512.2951,33.13752868846153,3.7533527601282053,3.5
400.0,3.499907,0.00031784310000000003,1.775806e-07,3.584869e-05,9.275444999999999e-08,0.0003198584,6.435045,3.0,732.4219,32.05732907307692,3.61566210551282,3.5
400.0,3.499825,0.00030444150000000003,9.388581e-07,3.242505e-05,4.502978e-07,0.0003061634,6.079463,3.0,1041.667,30.705657442307693,3.270357286538461,3.5
400.0,3.499799,0.0003017745,5.070174999999999e-07,3.1615679999999995e-05,3.7914920000000002e-06,0.0003034261,5.980827,3.0,1488.095,30.436666557692305,3.1887250584615376,3.5
400.0,3.400103,0.000467291,0.0,4.961037000000001e-07,0.0,0.0004672913,0.06082855,3.0,0.100003,47.130490987179485,0.05003651035769231,3.4
400.0,3.400028,0.00046678339999999994,0.0,9.649897e-07,0.0,0.0004667844,0.1184484,3.0,0.1427445,47.07929497179486,0.09732787140897435,3.4
400.0,3.400103,0.0004674073,0.0,6.895997e-07,0.0,0.0004674078,0.08453254,3.0,0.2037335,47.14222088589744,0.0695523184602564,3.4
400.0,3.400028,0.00046743690000000004,0.0,1.542785e-06,0.0,0.0004674394,0.18910529999999998,3.0,0.2908745,47.14520631153846,0.15560371275641025,3.4
400.0,3.399977,0.0004674609,0.0,1.200997e-06,0.0,0.0004674624,0.14720350000000001,3.0,0.41520519999999994,47.147626926923074,0.12113132562820511,3.4
400.0,3.399952,0.00046723120000000004,0.0,1.4775139999999998e-06,0.0,0.0004672335,0.1811845,3.0,0.5925744000000001,47.12445962051282,0.1490205466410256,3.4
400.0,3.4000529999999998,0.0004677674,0.0,2.078564e-06,0.0,0.000467772,0.2545969,3.0,0.8457527,47.1785402025641,0.20964183317948717,3.4
400.0,3.3998769999999996,0.0004666901,0.0,2.8562009999999997e-06,0.0,0.0004666989,0.35065290000000005,3.0,1.206626,47.06988482948717,0.28807350342307686,3.4
400.0,3.4000019999999997,0.00046659669999999997,0.0,3.121771e-06,0.0,0.0004666071,0.3833324,3.0,1.7230919999999998,47.06046460128204,0.3148586212435897,3.4
400.0,3.3999019999999995,0.00046645519999999997,0.0,3.767384e-06,0.0,0.0004664704,0.4627465,3.0,2.459855,47.046193056410246,0.3799744862564102,3.4
400.0,3.3999269999999995,0.00046609300000000005,0.0,4.892663e-06,0.0,0.00046611870000000003,0.6014221,3.0,3.51071,47.00966193589744,0.49346897206410256,3.4
400.0,3.3999019999999995,0.00046515529999999997,0.0,6.169083000000001e-06,0.0,0.00046519620000000004,0.7598359,3.0,5.012297,46.91508647564102,0.6222073841153847,3.4
400.0,3.3999269999999995,0.000464699,0.0,8.101342e-06,0.0,0.0004647696,0.9987663,3.0,7.154304,46.86906452564102,0.817093045051282,3.4
400.0,3.4000019999999997,0.00046315980000000004,0.0,1.0373910000000001e-05,0.0,0.000463276,1.283104,3.0,10.20797,46.71382239230769,1.0463019226923078,3.4
400.0,3.3998769999999996,0.0004614553,0.0,1.362648e-05,0.0,0.0004616564,1.6914169999999997,3.0,14.575560000000001,46.54190827051281,1.3743527969230767,3.4
400.0,3.3998519999999997,0.0004592621,0.0,1.66032e-05,0.0,0.0004595621,2.07045,3.0,20.81483,46.320704367948714,1.674581723076923,3.4
400.0,3.399978,0.0004553307,0.0,2.181583e-05,0.0,0.00045585309999999997,2.743061,3.0,29.695909999999998,45.92418739615385,2.2003222385897434,3.4
400.0,3.3998769999999996,0.00045173,0.0,2.807544e-05,0.0,0.00045260160000000005,3.5564120000000004,3.0,42.382459999999995,45.56102448717949,2.831660083076923,3.4
400.0,3.3999269999999995,0.000446145,0.0,3.487519e-05,0.0,0.00044750599999999997,4.4697260000000005,3.0,60.483869999999996,44.99772711538461,3.5174758939743587,3.4
400.0,3.3998519999999997,0.0004385053,0.0,4.250246e-05,0.0,0.00044056019999999996,5.536144,3.0,86.32597,44.22719480897435,4.286754523333333,3.4
400.0,3.3998269999999997,0.0004281057,0.0,5.147020000000001e-05,0.0,0.0004311886,6.855639,3.0,123.1932,43.17830181923077,5.191231582051282,3.4
400.0,3.3999019999999995,0.0004148378,0.0,6.0973450000000005e-05,0.0,0.0004192948,8.361546,3.0,175.8912,41.840115033333326,6.149719630128205,3.4
400.0,3.3998519999999997,0.00039753129999999995,0.0,7.006356e-05,0.0,0.00040365839999999996,9.995535,3.0,251.3405,40.09459919358974,7.06653880153846,3.4
400.0,3.3998769999999996,0.0003776721,0.0,7.656956999999999e-05,0.0,0.00038535580000000004,11.46085,3.0,357.8244,38.091620649999996,7.7227282973076905,3.4
400.0,3.399977,0.00035454230000000006,7.552682000000001e-08,7.905341999999999e-05,2.7208690000000003e-07,0.0003632488,12.5698,3.0,512.2951,35.7587727448718,7.97324686076923,3.4
400.0,3.399977,0.0003317599,5.994814e-08,7.712068e-05,5.503477e-07,0.0003406057,13.08652,3.0,732.4219,33.46096324743589,7.778312686666666,3.4
400.0,3.3999019999999995,0.00031134880000000003,5.268356e-09,7.074534000000001e-05,1.823499e-07,0.00031928509999999997,12.80151,3.0,1041.667,31.402320635897436,7.135302433076924,3.4
400.0,3.3997269999999995,0.0002955486,2.792434e-07,6.525276999999999e-05,8.242146999999999e-07,0.0003026664,12.45032,3.0,1488.095,29.808728669230767,6.581327456282049,3.4
400.0,3.3000870000000004,0.0005254456,0.0,7.144943999999999e-07,0.0,0.0005254459999999999,0.07791005,3.0,0.100003,52.99590429743589,0.07206317236923075,3.3
400.0,3.3000870000000004,0.0005234681,0.0,1.6710539999999998e-07,0.0,0.0005234681,0.01829039,3.0,0.1427445,52.79645567564101,0.01685407925384615,3.3
400.0,3.3000870000000004,0.0005253717,0.0,1.046562e-06,0.0,0.0005253727,0.1141354,3.0,0.2037335,52.98845081923076,0.10555516992307692,3.3
400.0,3.2999949999999996,0.0005279095,0.0,2.193518e-06,0.0,0.000527914,0.23806839999999999,3.0,0.2908745,53.244410724358964,0.2212359757179487,3.3
400.0,3.300018,0.0005268162,0.0,1.3206630000000002e-06,0.0,0.0005268179,0.1436331,3.0,0.41520519999999994,53.13414160769231,0.13320071565384617,3.3
400.0,3.299949,0.0005265257,0.0,1.530305e-06,0.0,0.0005265279,0.1665251,3.0,0.5925744000000001,53.104842075641024,0.15434499275641023,3.3
400.0,3.299903,0.0005268552,0.0,1.90708e-06,0.0,0.0005268586,0.20739499999999997,3.0,0.8457527,53.1380751076923,0.1923461328205128,3.3
400.0,3.299972,0.0005257105,0.0,2.823754e-06,0.0,0.000525718,0.30775050000000004,3.0,1.206626,53.02262183974359,0.2848009322820513,3.3
400.0,3.3000410000000002,0.0005258662999999999,0.0,3.7745389999999996e-06,0.0,0.0005258799,0.4112479,3.0,1.7230919999999998,53.03833566794871,0.3806961322179486,3.3
400.0,3.299903,0.0005257227,0.0,4.547227e-06,0.0,0.0005257424,0.4955662,3.0,2.459855,53.02385231923076,0.45862865139743586,3.3
400.0,3.299926,0.0005253457,0.0,6.184615e-06,0.0,0.0005253820999999999,0.6744815,3.0,3.51071,52.98582848589743,0.6237739257051281,3.3
400.0,3.2998800000000004,0.0005245514,0.0,8.376444e-06,0.0,0.0005246183,0.9148658000000002,3.0,5.012297,52.90571620256409,0.8448395506153846,3.3
400.0,3.299833,0.0005239499,0.0,1.110583e-05,0.0,0.0005240676,1.21428,3.0,7.154304,52.84504952948718,1.120122623205128,3.3
400.0,3.299857,0.0005224575,0.0,1.5117939999999999e-05,0.0,0.0005226762,1.65746,3.0,10.20797,52.69452759615384,1.5247799228205126,3.3
400.0,3.299903,0.0005203143,0.0,1.981589e-05,0.0,0.0005206915000000001,2.181025,3.0,14.575560000000001,52.47836664230769,1.9986103414102563,3.3
400.0,3.2998339999999997,0.0005172516,0.0,2.5041979999999997e-05,0.0,0.0005178574,2.771728,3.0,20.81483,52.16946586153846,2.525708418717948,3.3
400.0,3.299857,0.000512332,0.0,3.4307009999999996e-05,0.0,0.0005134793000000001,3.830947,3.0,29.695909999999998,51.67328005128205,3.460169841923076,3.3
400.0,3.299949,0.000506691,0.0,4.452484e-05,0.0,0.0005086435,5.021895,3.0,42.382459999999995,51.10433457692307,4.490729695897436,3.3
400.0,3.2998800000000004,0.0004977665,0.0,5.5927469999999994e-05,0.0,0.0005008986,6.410686,3.0,60.483869999999996,50.20421866025641,5.640787262692307,3.3
400.0,3.2998339999999997,0.0004857689,0.0,6.964382e-05,0.0,0.0004907358999999999,8.158796,3.0,86.32597,48.99415302948718,7.024204255641025,3.3
400.0,3.299903,0.00046834230000000006,0.0,8.434192e-05,0.0,0.0004758761,10.20875,3.0,123.1932,47.23652402692308,8.506639546666666,3.3
400.0,3.299857,0.0004452489,0.0,9.95809e-05,0.0,0.0004562488,12.606860000000001,3.0,175.8912,44.90734738846154,10.04362743974359,3.3
400.0,3.2998800000000004,0.0004164069,0.0,0.00011331899999999999,0.0,0.0004315506,15.22354,3.0,251.3405,41.998372849999996,11.429238115384614,3.3
400.0,3.299903,0.0003836771,0.0,0.00012125120000000001,0.0,0.0004023804,17.5378,3.0,357.8244,38.69727879102564,12.229271671794871,3.3
400.0,3.2998800000000004,0.0003471479,1.712833e-07,0.0001232862,2.5240779999999997e-08,0.00036839,19.552,3.0,512.2951,35.012981144871794,12.434519684615383,3.3
400.0,3.299949,0.0003119401,2.601251e-08,0.0001181692,4.786693e-07,0.0003335724,20.74769,3.0,732.4219,31.461958547435895,11.918424312820513,3.3
400.0,3.299914,0.0002811763,1.0186860000000002e-07,0.0001067458,4.2620179999999996e-07,0.000300757,20.78877,3.0,1041.667,28.35915323205128,10.766271905128203,3.3
400.0,3.299902,0.000257353,3.4357500000000003e-07,9.697824000000001e-05,6.528388000000001e-07,0.00027501880000000003,20.6479,3.0,1488.095,25.956359628205124,9.781125821538462,3.3
400.0,3.199991,0.0005683592,0.0,1.032144e-06,0.0,0.0005683601,0.10404939999999999,3.0,0.100003,57.32412597948718,0.10410098523076922,3.2
400.0,3.200098,0.0005681616000000001,0.0,1.421576e-06,0.0,0.0005681633999999999,0.1433573,3.0,0.1427445,57.30419624615385,0.14337869733333333,3.2
400.0,3.200055,0.000568315,0.0,1.350083e-06,0.0,0.0005683166,0.13611099999999998,3.0,0.2037335,57.31966801282051,0.13616798667948715,3.2
400.0,3.199991,0.0005695508,0.0,1.034503e-06,0.0,0.0005695518,0.10406900000000001,3.0,0.2908745,57.44430953333333,0.10433891155128205,3.2
400.0,3.19997,0.0005683348,0.0,2.5851799999999997e-06,0.0,0.0005683407,0.26061910000000005,3.0,0.41520519999999994,57.32166502051282,0.26073860333333326,3.2
400.0,3.200012,0.0005681853,0.0,2.739817e-06,0.0,0.0005681919,0.2762809,3.0,0.5925744000000001,57.30658660384615,0.276335132551282,3.2
400.0,3.199927,0.0005679954,0.0,2.880032e-06,0.0,0.0005680026000000001,0.2905169,3.0,0.8457527,57.28743348461538,0.2904770736410256,3.2
400.0,3.199906,0.0005679337,0.0,3.5019009999999997e-06,0.0,0.0005679445,0.35328350000000003,3.0,1.206626,57.28121048589743,0.3531981431666666,3.2
400.0,3.199927,0.0005673452,0.0,5.16246e-06,0.0,0.0005673687,0.5213386999999999,3.0,1.7230919999999998,57.221854979487176,0.5206804207692307,3.2
400.0,3.199991,0.0005678316000000001,0.0,6.653064000000001e-06,0.0,0.0005678705999999999,0.6712819,3.0,2.459855,57.27091278461539,0.6710212113846153,3.2
400.0,3.199863,0.0005643441000000001,0.0,8.934848e-06,0.0,0.0005644148,0.9070464,3.0,3.51071,56.919167111538464,0.9011596053333332,3.2
400.0,3.199927,0.0005633691999999999,0.0,1.2080499999999999e-05,0.0,0.0005634988,1.228423,3.0,5.012297,56.820839697435886,1.2184268397435896,3.2
400.0,3.199906,0.000562309,0.0,1.583221e-05,0.0,0.0005625318,1.612778,3.0,7.154304,56.71390901282051,1.5968204624358975,3.2
400.0,3.199991,0.000560105,0.0,2.1550770000000002e-05,0.0,0.0005605194,2.203443,3.0,10.20797,56.49161583333333,2.173588558846154,3.2
400.0,3.1998849999999996,0.0005575187,0.0,2.8397559999999998e-05,0.0,0.0005582415,2.915876,3.0,14.575560000000001,56.230764267948715,2.8641487758974353,3.2
400.0,3.199863,0.0005532687,0.0,3.7053e-05,0.0,0.0005545080999999999,3.831439,3.0,20.81483,55.802113626923074,3.7371275769230765,3.2
400.0,3.199842,0.0005460501,0.0,5.010793e-05,0.0,0.0005483444,5.243026,3.0,29.695909999999998,55.07405303461538,5.053834427051282,3.2
400.0,3.199863,0.0005377813,0.0,6.518309e-05,0.0,0.0005417172,6.910962,3.0,42.382459999999995,54.24007034743589,6.574299602948717,3.2
400.0,3.1998849999999996,0.0005238805000000001,0.0,8.263966e-05,0.0,0.0005303584,8.964269999999999,3.0,60.483869999999996,52.83804991666667,8.334951348974359,3.2
400.0,3.199884,0.0005041287,0.0,0.00010208520000000001,0.0,0.0005143608999999999,11.4475,3.0,86.32597,50.84590362692307,10.29620856923077,3.2
400.0,3.199863,0.00047767480000000004,0.0,0.00012193909999999999,0.0,0.0004929933,14.32042,3.0,123.1932,48.177790405128206,12.298652560256409,3.2
400.0,3.1998849999999996,0.0004432032,0.0,0.0001408451,0.0,0.00046504449999999997,17.62969,3.0,175.8912,44.70102018461538,14.205492329487177,3.2
400.0,3.199906,0.00040121169999999997,0.0,0.0001545923,0.0,0.0004299646,21.07235,3.0,251.3405,40.465800562820505,15.59202082179487,3.2
400.0,3.1998,0.00035616660000000003,0.0,0.0001605798,0.0,0.00039069239999999997,24.268520000000002,3.0,357.8244,35.92259797692308,16.19591393076923,3.2
400.0,3.19998,0.0003088373,2.5168759999999998e-08,0.0001573362,5.061429e-07,0.00034660519999999995,26.99642,3.0,512.2951,31.149013321794868,15.86876776153846,3.2
400.0,3.199949,0.0002662907,3.043711e-08,0.0001452469,2.571411e-08,0.0003033272,28.61004,3.0,732.4219,26.857806883333332,14.649453362820513,3.2
400.0,3.199938,0.0002300425,7.044368e-08,0.0001281572,4.934145e-07,0.0002633321,29.122290000000003,3.0,1041.667,23.201850608974357,12.925803748717946,3.2
400.0,3.199864,0.0002032161,1.0953450000000001e-07,0.00010944149999999999,1.06392e-06,0.00023081209999999998,28.304570000000002,3.0,1488.095,20.496167419230765,11.038157442307691,3.2
400.0,3.099961,0.0005972612,0.0,7.802175e-07,0.0,0.0005972618,0.07484689,3.0,0.100003,60.239152056410255,0.07869193682692308,3.1
400.0,3.100057,0.0005965549,0.0,2.6397269999999996e-06,0.0,0.0005965608,0.25352939999999996,3.0,0.1427445,60.16791536282051,0.2662401578076922,3.1
400.0,3.100077,0.000599861,0.0,2.195693e-06,0.0,0.000599865,0.2097209,3.0,0.2037335,60.50136521794872,0.22145534398717948,3.1
400.0,3.099999,0.0005953180000000001,0.0,2.2614199999999998e-06,0.0,0.0005953223,0.2176471,3.0,0.2908745,60.0431628974359,0.22808450179487175,3.1
400.0,3.099999,0.0005946695,0.0,2.49101e-06,0.0,0.0005946748000000001,0.24000470000000002,3.0,0.41520519999999994,59.977755852564094,0.2512407137179487,3.1
400.0,3.0999220000000003,0.0005963679,0.0,3.1243079999999997e-06,0.0,0.0005963761000000001,0.30016370000000003,3.0,0.5925744000000001,60.149054734615376,0.3151145004615384,3.1
400.0,3.099883,0.0005949878,0.0,4.335604000000001e-06,0.0,0.0005950036,0.4175,3.0,0.8457527,60.00985926410256,0.4372845726666667,3.1
400.0,3.099903,0.0005951189,0.0,6.052081e-06,0.0,0.0005951497,0.5826511,3.0,1.206626,60.023081875641026,0.6104066823974358,3.1
400.0,3.0999220000000003,0.000594648,0.0,7.598584e-06,0.0,0.0005946966,0.7321022,3.0,1.7230919999999998,59.97558738461538,0.7663853888205128,3.1
400.0,3.099883,0.0005942576,0.0,9.65719e-06,0.0,0.000594336,0.9310232,3.0,2.459855,59.93621204102564,0.9740142785897435,3.1
400.0,3.0999220000000003,0.0005937812999999999,0.0,1.3190520000000002e-05,0.0,0.0005939278,1.272584,3.0,3.51071,59.88817291153845,1.3303823184615384,3.1
400.0,3.099903,0.0005918681,0.0,1.765579e-05,0.0,0.0005921314,1.708661,3.0,5.012297,59.695209521794865,1.7807448708974358,3.1
400.0,3.099805,0.0005906498,0.0,2.3352559999999998e-05,0.0,0.0005911113,2.264128,3.0,7.154304,59.57233303333333,2.35531525025641,3.1
400.0,3.099883,0.0005876284,0.0,3.114067e-05,0.0,0.0005884530000000001,3.033484,3.0,10.20797,59.267597728205125,3.140816037051282,3.1
400.0,3.0998639999999997,0.0005834197,0.0,4.1286890000000005e-05,0.0,0.0005848787000000001,4.047904,3.0,14.575560000000001,58.84311256282051,4.164153379871795,3.1
400.0,3.0998240000000004,0.000577489,0.0,5.392717e-05,0.0,0.0005800014,5.334932,3.0,20.81483,58.24494824358975,5.43903905628205,3.1
400.0,3.099883,0.0005664862999999999,0.0,7.216392e-05,0.0,0.0005710642,7.25973,3.0,29.695909999999998,57.13522720641024,7.278378956923077,3.1
400.0,3.0998639999999997,0.0005530537,0.0,9.231865e-05,0.0,0.0005607059,9.47674,3.0,42.382459999999995,55.780428947435894,9.311164353205127,3.1
400.0,3.099883,0.0005321696,0.0,0.00011511360000000001,0.0,0.0005444773999999999,12.2056,3.0,60.483869999999996,53.67408004102563,11.61023963076923,3.1
400.0,3.0998639999999997,0.0005021321,0.0,0.0001393002,0.0,0.0005210962,15.50495,3.0,86.32597,50.64452859871795,14.0496753,3.1
400.0,3.099903,0.00046360050000000006,0.0,0.00016206520000000001,0.0,0.0004911115,19.26858,3.0,123.1932,46.758270942307696,16.34572985128205,3.1
400.0,3.099902,0.0004157926,0.0,0.00018008279999999998,0.0,0.0004531151,23.41778,3.0,175.8912,41.93641518205128,18.162966507692303,3.1
400.0,3.099786,0.0003613303,0.0,0.0001896941,0.0,0.0004080974,27.698940000000004,3.0,251.3405,36.443403462820505,19.132352367948716,3.1
400.0,3.099903,0.0003062818,0.0,0.000187399,0.0,0.0003590639,31.460440000000002,3.0,357.8244,30.89126821282051,18.900870935897437,3.1
400.0,3.0999220000000003,0.0002535756,8.670149999999999e-08,0.0001752268,3.250329e-07,0.0003082289,34.6454,3.0,512.2951,25.575374938461536,17.67319532820513,3.1
400.0,3.099999,0.00020904700000000002,8.499340000000001e-08,0.00015557520000000001,3.468575e-07,0.0002605846,36.65705,3.0,732.4219,21.084266012820514,15.691155107692309,3.1
400.0,3.099941,0.0001743161,5.4834120000000005e-08,0.0001303679,1.516309e-06,0.00021767380000000002,36.79217,3.0,1041.667,17.58134306025641,13.148772683333332,3.1
400.0,3.09995,0.0001493247,2.059907e-07,0.0001104734,1.136771e-06,0.0001857478,36.49476,3.0,1488.095,15.060736088461537,11.142233817948718,3.1
400.0,2.99919,0.0006180792,0.0,2.331989e-06,0.0,0.0006180836,0.2161737,3.0,0.100003,62.33883418461538,0.23520201875641025,3.0
400.0,2.999717,0.0006187736,0.0,2.278271e-06,0.0,0.0006187778,0.2109572,3.0,0.1427445,62.40887065641025,0.22978407637179488,3.0
400.0,2.9995060000000002,0.0006157102,0.0,2.9181650000000004e-06,0.0,0.0006157171,0.2715519,3.0,0.2037335,62.09989927435897,0.2943231289102564,3.0
400.0,2.999857,0.0006152193,0.0,3.600935e-06,0.0,0.0006152298000000001,0.3353536,3.0,0.2908745,62.05038760384615,0.3631866108333333,3.0
400.0,3.000033,0.0006148733,0.0,4.376541e-06,0.0,0.0006148888,0.40781259999999997,3.0,0.41520519999999994,62.01549039871795,0.4414134365,3.0
400.0,2.999893,0.0006157888,0.0,4.967301e-06,0.0,0.0006158088,0.46217020000000003,3.0,0.5925744000000001,62.107826789743584,0.5009968841923077,3.0
400.0,3.0004560000000002,0.0006151829,0.0,6.329829e-06,0.0,0.0006152154,0.5895153000000001,3.0,0.8457527,62.04671633717948,0.6384200608076923,3.0
400.0,2.999823,0.0006146745999999999,0.0,7.961222e-06,0.0,0.0006147262000000001,0.7420494000000001,3.0,1.206626,61.99544972051281,0.8029606855641025,3.0
400.0,2.999156,0.0006137891,0.0,1.0589949999999998e-05,0.0,0.0006138805,0.9884493000000001,3.0,1.7230919999999998,61.90613909871795,1.0680914955128202,3.0
400.0,2.9997529999999997,0.0006124209,0.0,1.372295e-05,0.0,0.0006125745999999999,1.2836530000000002,3.0,2.459855,61.768143849999994,1.384082662179487,3.0
400.0,2.999858,0.000611695,0.0,1.844456e-05,0.0,0.000611973,1.7271279999999998,3.0,3.51071,61.69493032051282,1.860299404102564,3.0
400.0,3.0001740000000003,0.0006102208,0.0,2.427028e-05,0.0,0.0006107031999999999,2.277622,3.0,5.012297,61.546244020512816,2.4478755482051278,3.0
400.0,3.000315,0.0006074124,0.0,3.261832e-05,0.0,0.0006082875,3.073857,3.0,7.154304,61.26299167692307,3.2898503005128203,3.0
400.0,2.9996110000000002,0.0006037072,0.0,4.301492e-05,0.0,0.0006052376999999999,4.075511,3.0,10.20797,60.889289005128205,4.338440713333333,3.0
400.0,2.9999990000000003,0.0005967394,0.0,5.725666e-05,0.0,0.0005994799,5.480707,3.0,14.575560000000001,60.18652384358974,5.774848002820512,3.0
400.0,2.999857,0.0005870532,0.0,7.45216e-05,0.0,0.0005917642,7.2345369999999996,3.0,20.81483,59.20958364615384,7.516172143589743,3.0
400.0,2.999823,0.0005716247,0.0,9.765207e-05,0.0,0.0005799058,9.694398,3.0,29.695909999999998,57.6534809602564,9.849087624230767,3.0
400.0,2.999331,0.000550824,0.0,0.0001232938,0.0,0.0005644541000000001,12.61684,3.0,42.382459999999995,55.55554369230769,12.435286212820511,3.0
400.0,2.999577,0.0005198002,0.0,0.0001504789,0.0,0.0005411433999999999,16.1454,3.0,60.483869999999996,52.42651504358974,15.177147516666665,3.0
400.0,2.999718,0.0004774788,0.0,0.00017573450000000002,0.0,0.0005087914,20.20598,3.0,86.32597,48.15802204615384,17.72440142948718,3.0
400.0,2.999823,0.00042600010000000003,0.0,0.000197555,0.0,0.0004695786,24.87923,3.0,123.1932,42.96593316282051,19.925194679487177,3.0
400.0,2.999998,0.0003669442,0.0,0.00020904,0.0,0.0004223101,29.669209999999996,3.0,175.8912,37.009615658974354,21.08356,3.0
400.0,3.000034,0.0003039562,0.0,0.0002083063,0.0,0.00036848459999999997,34.4235,3.0,251.3405,30.65671058205128,21.00955977051282,3.0
400.0,3.000104,0.0002457086,0.0,0.00019580599999999997,0.0,0.00031418580000000003,38.55145,3.0,357.8244,24.781917387179487,19.74879233333333,3.0
400.0,2.999963,0.0001948773,5.750946e-08,0.00017434830000000003,5.667599e-08,0.0002614851,41.81762,3.0,512.2951,19.655124603846154,17.58459071923077,3.0
400.0,2.999946,0.0001546156,9.483041e-08,0.0001474266,5.132017e-07,0.0002136366,43.636540000000004,3.0,732.4219,15.594370835897434,14.869295669230768,3.0
400.0,3.000069,0.00012552549999999998,3.8102970000000004e-08,0.00011948969999999999,4.0871429999999994e-07,0.0001733044,43.588840000000005,3.0,1041.667,12.660373185897432,12.051608588461537,3.0
400.0,2.9997,0.0001052907,3.198623e-07,9.810284e-05,4.7337519999999997e-07,0.0001439108,42.97602,3.0,1488.095,10.619512011538461,9.894551824102562,3.0
400.0,2.899896,0.0006559853,0.0,2.906361e-06,0.0,0.0006559917999999999,0.2538489,3.0,0.100003,66.1620045525641,0.293132589576923,2.9
400.0,2.89961,0.0006557842,0.0,2.3716e-06,0.0,0.0006557885000000001,0.2072054,3.0,0.1427445,66.1417218128205,0.23919714358974356,2.9
400.0,2.900086,0.0006552896,0.0,3.736698e-06,0.0,0.0006553002,0.3267177,3.0,0.2037335,66.09183696410255,0.3768795277692307,2.9
400.0,2.901199,0.0006526152,0.0,4.558859e-06,0.0,0.0006526311,0.4002345,3.0,0.2908745,65.82209972307692,0.45980184298717947,2.9
400.0,2.899833,0.000652762,0.0,5.861108000000001e-06,0.0,0.0006527883000000001,0.5144413,3.0,0.41520519999999994,65.83690582051281,0.5911453414871796,2.9
400.0,2.899865,0.0006521801000000001,0.0,7.423467000000001e-06,0.0,0.0006522223,0.6521434,3.0,0.5925744000000001,65.77821598333334,0.7487232678076923,2.9
400.0,2.899832,0.0006517989,0.0,9.340824e-06,0.0,0.0006518658,0.8210404,3.0,0.8457527,65.73976854230769,0.9421059283076921,2.9
400.0,2.899705,0.0006512,0.0,1.2021480000000002e-05,0.0,0.0006513109,1.057589,3.0,1.206626,65.6793641025641,1.2124741430769232,2.9
400.0,2.899547,0.00065049,0.0,1.5945070000000002e-05,0.0,0.0006506854,1.404176,3.0,1.7230919999999998,65.60775423076923,1.6082034062820514,2.9
400.0,2.899547,0.0006486845999999999,0.0,2.048623e-05,0.0,0.0006490080000000001,1.808868,3.0,2.459855,65.42566343846153,2.066220146282051,2.9
400.0,2.899515,0.0006469982,0.0,2.695097e-05,0.0,0.0006475592,2.3853,3.0,3.51071,65.25557486410257,2.7182471921794873,2.9
400.0,2.899705,0.0006440135,0.0,3.577103e-05,0.0,0.0006450062,3.1791650000000002,3.0,5.012297,64.95454108333332,3.6078293975641027,2.9
400.0,2.899356,0.0006397642,0.0,4.737376e-05,0.0,0.0006415158,4.234953,3.0,7.154304,64.52596104358973,4.778068845128205,2.9
400.0,2.899864,0.0006326144999999999,0.0,6.265319e-05,0.0,0.0006357094000000001,5.6560440000000005,3.0,10.20797,63.80484963461537,6.319136483717948,2.9
400.0,2.899356,0.0006226968,0.0,8.201155000000001e-05,0.0,0.0006280742,7.502891,3.0,14.575560000000001,62.80456058461538,8.271600818589745,2.9
400.0,2.899674,0.0006065166000000001,0.0,0.000104804,0.0,0.0006155049,9.803709,3.0,20.81483,61.17264220769231,10.570423948717947,2.9
400.0,2.899737,0.0005825399,0.0,0.0001346525,0.0,0.0005978997000000001,13.01518,3.0,29.695909999999998,58.75437683717948,13.580913044871794,2.9
400.0,2.89961,0.0005498295,0.0,0.00016612669999999997,0.0,0.0005743784,16.81178,3.0,42.382459999999995,55.455239442307686,16.755368575641022,2.9
400.0,2.899324,0.0005043622,0.0,0.00019575580000000001,0.0,0.000541019,21.21249,3.0,60.483869999999996,50.86945419743589,19.74372921282051,2.9
400.0,2.8996419999999996,0.0004464975,0.0,0.0002204644,0.0,0.0004979604,26.2785,3.0,86.32597,45.03327990384615,22.235813266666664,2.9
400.0,2.899832,0.000379848,0.0,0.0002338271,0.0,0.0004460489,31.61565,3.0,123.1932,38.31107969230769,23.58356148333333,2.9
400.0,2.899769,0.00030930810000000003,0.0,0.0002339871,0.0,0.00038784199999999995,37.10698,3.0,175.8912,31.196497726923077,23.599698919230764,2.9
400.0,2.899864,0.0002418432,0.0,0.0002189596,0.0,0.0003262383,42.15701,3.0,251.3405,24.392057107692306,22.08404068205128,2.9
400.0,2.900246,0.0001863606,0.0,0.00019513830000000002,0.0,0.0002698318,46.31805,3.0,357.8244,18.79613897692308,19.68144879615385,2.9
400.0,2.899785,0.0001411505,1.56075e-07,0.00016330430000000001,2.4578120000000003e-07,0.0002158512,49.16183,3.0,512.2951,14.236294660256409,16.470704206410257,2.9
400.0,2.899785,0.0001086991,1.7123190000000002e-07,0.0001320551,2.695299e-07,0.00017103810000000002,50.54102,3.0,732.4219,10.963279739743589,13.318941944871792,2.9
400.0,2.899864,8.662435e-05,5.508622e-08,0.0001043512,4.818589999999999e-07,0.0001356206,50.30314,3.0,1041.667,8.73684309551282,10.524755005128204,2.9
400.0,2.899705,7.166548e-05,3.3843019999999994e-08,8.43092e-05,1.699405e-07,0.0001106525,49.634409999999995,3.0,1488.095,7.22810680974359,8.50333944102564,2.9
400.0,2.80021,0.0006634099000000001,0.0,3.955418e-06,0.0,0.0006634217,0.3416079,3.0,0.100003,66.91084209358975,0.3989394026410256,2.8
400.0,2.799553,0.0006638550999999999,0.0,4.311626e-06,0.0,0.000663869,0.3721212,3.0,0.1427445,66.95574450897435,0.43486617617948714,2.8
400.0,2.800268,0.0006631873,0.0,5.439792e-06,0.0,0.0006632096000000001,0.46995790000000004,3.0,0.2037335,66.88839088589742,0.5486518418461538,2.8
400.0,2.799868,0.0006601752,0.0,6.353502999999999e-06,0.0,0.0006602058,0.5513955,3.0,0.2908745,66.58459356923076,0.6408077961666665,2.8
400.0,2.800325,0.0006609372,0.0,7.91396e-06,0.0,0.0006609846000000001,0.686018,3.0,0.41520519999999994,66.6614481076923,0.7981938887179486,2.8
400.0,2.799667,0.0006594973,0.0,1.0443210000000001e-05,0.0,0.00065958,0.9072093000000001,3.0,0.5925744000000001,66.51622127051282,1.0532914496153847,2.8
400.0,2.799896,0.0006585335,0.0,1.269992e-05,0.0,0.0006586558999999999,1.1048209999999998,3.0,0.8457527,66.41901339102564,1.2809009056410254,2.8
400.0,2.799668,0.000657728,0.0,1.65855e-05,0.0,0.0006579371000000001,1.444484,3.0,1.206626,66.33777148717948,1.672796519230769,2.8
400.0,2.799754,0.0006566237,0.0,2.173008e-05,0.0,0.0006569832,1.8954349999999998,3.0,1.7230919999999998,66.22639292179487,2.191673581538461,2.8
400.0,2.800011,0.0006545473,0.0,2.810969e-05,0.0,0.0006551506,2.45907,3.0,2.459855,66.01696934743589,2.8351145029487177,2.8
400.0,2.799839,0.0006514041,0.0,3.707626e-05,0.0,0.0006524585,3.257614,3.0,3.51071,65.69994941923076,3.7394735566666664,2.8
400.0,2.800382,0.0006471549,0.0,4.9232870000000006e-05,0.0,0.0006490249,4.350447,3.0,5.012297,65.27137946538461,4.965576772948718,2.8
400.0,2.800011,0.0006404651,0.0,6.439591999999999e-05,0.0,0.0006436943,5.7415400000000005,3.0,7.154304,64.59665309871795,6.494906444102563,2.8
400.0,2.800496,0.0006300716,0.0,8.425414e-05,0.0,0.0006356799,7.616497,3.0,10.20797,63.54837534871795,8.497786145897436,2.8
400.0,2.799953,0.0006138622,0.0,0.0001086328,0.0,0.0006234003,10.03551,3.0,14.575560000000001,61.91351188974359,10.956592789743588,2.8
400.0,2.800125,0.0005908701,0.0,0.0001370001,0.0,0.0006065447,13.054030000000001,3.0,20.81483,59.59455226538461,13.817689573076922,2.8
400.0,2.799982,0.000556117,0.0,0.0001703923,0.0,0.0005816352999999999,17.034879999999998,3.0,29.695909999999998,56.08939024358973,17.185592616666664,2.8
400.0,2.799953,0.0005101599,0.0,0.0002025281,0.0,0.0005488904,21.65256,3.0,42.382459999999995,51.454204273076925,20.426776444871795,2.8
400.0,2.800039,0.00045114410000000004,0.0,0.000227869,0.0,0.0005054259,26.79795,3.0,60.483869999999996,45.50193121410256,22.98263362820513,2.8
400.0,2.800039,0.000381665,0.0,0.0002428441,0.0,0.0004523731,32.4676,3.0,86.32597,38.49434044871794,24.4930068551282,2.8
400.0,2.799953,0.0003086779,0.0,0.0002433656,0.0,0.00039307620000000003,38.25269,3.0,123.1932,31.132936401282052,24.54560481025641,2.8
400.0,2.799953,0.00023902439999999998,0.0,0.0002290061,0.0,0.0003310234,43.773759999999996,3.0,175.8912,24.10775583076923,23.097320367948715,2.8
400.0,2.800039,0.00017893,0.0,0.00020260310000000002,0.0,0.0002703034,48.5505,3.0,251.3405,18.04669628205128,20.43434086794872,2.8
400.0,2.799753,0.0001328064,0.0,0.0001717799,0.0,0.000217131,52.29169,3.0,357.8244,13.394717292307691,17.32554452948718,2.8
400.0,2.800025,9.786328000000001e-05,4.361828e-08,0.00013894489999999998,3.577234e-07,0.0001699498,54.84176,3.0,512.2951,9.87039004820513,14.013840106410253,2.8
400.0,2.800239,7.458015e-05,1.1510639999999998e-07,0.0001087974,8.714396e-08,0.00013190549999999999,55.56952,3.0,732.4219,7.522077436538462,10.973194176923077,2.8
400.0,2.800339,5.880260999999999e-05,5.0247459999999994e-08,8.421246999999999e-05,6.389734e-07,0.00010271069999999999,55.07476,3.0,1041.667,5.930770934230768,8.493583352435897,2.8
400.0,2.800067,4.8067840000000004e-05,5.214978e-07,6.595018e-05,1.33294e-06,8.160847e-05,53.913540000000005,3.0,1488.095,4.848073042051282,6.651667513589743,2.8
400.0,2.700189,0.0006683969,0.0,4.1476229999999995e-06,0.0,0.0006684097,0.3555346,3.0,0.100003,67.41382579871795,0.4183250018076922,2.7
400.0,2.700189,0.0006714698,0.0,2.7729559999999996e-06,0.0,0.0006714755,0.236612,3.0,0.1427445,67.72375534102564,0.27967749810256404,2.7
400.0,2.7000610000000003,0.0006685042,0.0,7.003631e-06,0.0,0.0006685409,0.6002413000000001,3.0,0.2037335,67.42464796666665,0.7063790394487179,2.7
400.0,2.7001630000000003,0.0006679185,0.0,8.864501e-06,0.0,0.0006679772999999999,0.7603753000000001,3.0,0.2908745,67.36557486538462,0.8940644790641026,2.7
400.0,2.699831,0.0006682825,0.0,1.1067239999999999e-05,0.0,0.0006683741,0.9487726999999999,3.0,0.41520519999999994,67.40228753205128,1.1162304753846153,2.7
400.0,2.700138,0.0006637619,0.0,1.412957e-05,0.0,0.0006639122,1.2194770000000001,3.0,0.5925744000000001,66.94634445256409,1.4250939383333332,2.7
400.0,2.700598,0.0006626053,0.0,1.777004e-05,0.0,0.0006628436,1.5362149999999999,3.0,0.8457527,66.82969096282051,1.7922680087179486,2.7
400.0,2.699934,0.0006612802,0.0,2.315208e-05,0.0,0.0006616853999999999,2.0051639999999997,3.0,1.206626,66.69604273589744,2.335095043076923,2.7
400.0,2.700341,0.0006595586,0.0,2.987732e-05,0.0,0.0006602349000000001,2.593667,3.0,1.7230919999999998,66.52240392564102,3.0133958517948716,2.7
400.0,2.699908,0.0006564184,0.0,3.908965e-05,0.0,0.0006575813000000001,3.4079330000000003,3.0,2.459855,66.20568657435896,3.942542007051282,2.7
400.0,2.70001,0.0006519713,0.0,5.111615e-05,0.0,0.000653972,4.482958999999999,3.0,3.51071,65.75715662948717,5.155522462179487,2.7
400.0,2.699806,0.0006450608,0.0,6.672174e-05,0.0,0.0006485023999999999,5.905377,3.0,5.012297,65.06017068717948,6.7294862638461534,2.7
400.0,2.699959,0.0006341049,0.0,8.659255e-05,0.0,0.0006399901,7.776139,3.0,7.154304,63.95516985,8.733635780128203,2.7
400.0,2.700214,0.0006185365,0.0,0.0001113433,0.0,0.0006284782,10.20457,3.0,10.20797,62.38495699358974,11.229971039743589,2.7
400.0,2.7001630000000003,0.000594139,0.0,0.0001403674,0.0,0.000610495,13.292589999999999,3.0,14.575560000000001,59.92425016666667,14.157311997435896,2.7
400.0,2.699653,0.0005601776,0.0,0.0001724996,0.0,0.0005861357,17.11555,3.0,20.81483,56.49893819487179,17.39813273333333,2.7
400.0,2.699959,0.0005119016,0.0,0.00020583680000000001,0.0,0.0005517355,21.905170000000002,3.0,29.695909999999998,51.62987034871795,20.760488533333334,2.7
400.0,2.700036,0.00045239360000000003,0.0,0.0002331047,0.0,0.0005089183,27.260679999999997,3.0,42.382459999999995,45.6279545025641,23.510700960256408,2.7
400.0,2.699653,0.00038192010000000004,0.0,0.0002485206,0.0,0.0004556593,33.0526,3.0,60.483869999999996,38.520069573076924,25.06553282307692,2.7
400.0,2.6998830000000003,0.000307062,0.0,0.00024914189999999996,0.0,0.0003954222,39.05494,3.0,86.32597,30.96995838461538,25.128196503846148,2.7
400.0,2.6998830000000003,0.0002362709,0.0,0.00023432810000000002,0.0,0.00033276660000000006,44.76345,3.0,123.1932,23.830040644871794,23.63409182948718,2.7
400.0,2.699985,0.00017525290000000002,0.0,0.0002093134,0.0,0.0002729939,50.06139,3.0,175.8912,17.675827747435896,21.111134843589742,2.7
400.0,2.699831,0.00012643,0.0,0.00017598259999999997,0.0,0.00021668970000000002,54.305659999999996,3.0,251.3405,12.751600128205126,17.749424541025636,2.7
400.0,2.700214,9.13263e-05,0.0,0.0001431128,0.0,0.0001697698,57.456340000000004,3.0,357.8244,9.211076949999999,14.434210225641026,2.7
400.0,2.699959,6.635294e-05,6.405376e-09,0.000112308,5.046612000000001e-08,0.00013044469999999998,59.4249,3.0,512.2951,6.692289474102564,11.327269692307691,2.7
400.0,2.699895,4.998826e-05,5.500905e-08,8.620280999999999e-05,9.374483999999999e-08,9.964814e-05,59.890930000000004,3.0,732.4219,5.041764633589743,8.694327003461536,2.7
400.0,2.700087,3.9350009999999995e-05,2.631348e-08,6.715312e-05,2.990975e-07,7.783293000000001e-05,59.630790000000005,3.0,1041.667,3.9688016496153837,6.7729948082051274,2.7
400.0,2.6999720000000003,3.2203459999999995e-05,1.431614e-07,5.097659000000001e-05,2.035926e-06,6.029656e-05,57.71815,3.0,1488.095,3.248007946410256,5.141446583717949,2.7
400.0,2.599764,0.0006683991,0.0,7.937435e-06,0.0,0.0006684461999999999,0.6803722,3.0,0.100003,67.41404768846154,0.8005615531410256,2.6
400.0,2.600197,0.0006684989999999999,0.0,8.491153e-06,0.0,0.0006685529,0.7277215,3.0,0.1427445,67.4241235,0.8564089827051282,2.6
400.0,2.599878,0.0006678436,0.0,1.0429580000000001e-05,0.0,0.000667925,0.8947037,3.0,0.2037335,67.35802052820512,1.0519167417948718,2.6
400.0,2.599447,0.0006678319,0.0,1.235237e-05,0.0,0.0006679461,1.059635,3.0,0.2908745,67.35684047820513,1.245847369102564,2.6
400.0,2.600082,0.0006666704,0.0,1.5778020000000002e-05,0.0,0.0006668571000000001,1.35576,3.0,0.41520519999999994,67.23969277948717,1.5913549146153847,2.6
400.0,2.599764,0.0006654022,0.0,1.9897620000000002e-05,0.0,0.0006656997,1.7128139999999998,3.0,0.5925744000000001,67.11178342820513,2.0068535453846152,2.6
400.0,2.599878,0.0006635703,0.0,2.521745e-05,0.0,0.0006640492999999999,2.176346,3.0,0.8457527,66.92701987307692,2.543406142948718,2.6
400.0,2.599901,0.0006613986,0.0,3.196468e-05,0.0,0.0006621706,2.76689,3.0,1.206626,66.70798443846154,3.2239248405128205,2.6
400.0,2.600038,0.0006576758,0.0,4.168892e-05,0.0,0.0006589958000000001,3.6270269999999996,3.0,1.7230919999999998,66.33250664871794,4.204701713333333,2.6
400.0,2.599787,0.0006526192,0.0,5.3778680000000006e-05,0.0,0.0006548313,4.7107790000000005,3.0,2.459855,65.82250315897436,5.424062507179487,2.6
400.0,2.600151,0.0006452933,0.0,6.901169e-05,0.0,0.0006489730000000001,6.104366000000001,3.0,3.51071,65.08362039871794,6.9604482721794865,2.6
400.0,2.5998099999999997,0.0006343029,0.0,8.899996999999999e-05,0.0,0.0006405162999999999,7.987113000000001,3.0,5.012297,63.97513992692307,8.976445692179485,2.6
400.0,2.599992,0.0006181468,0.0,0.0001138624,0.0,0.0006285461,10.436869999999999,3.0,7.154304,62.34565225128205,11.48404488205128,2.6
400.0,2.599673,0.0005940556,0.0,0.0001431726,0.0,0.0006110651,13.550370000000001,3.0,10.20797,59.91583852820512,14.440241592307691,2.6
400.0,2.599901,0.0005592205,0.0,0.0001756193,0.0,0.0005861481999999999,17.43453,3.0,14.575560000000001,56.40240607051282,17.712782475641024,2.6
400.0,2.599924,0.0005121194,0.0,0.00020721369999999998,0.0,0.0005524526,22.02923,3.0,20.81483,51.651837433333334,20.899361255128202,2.6
400.0,2.5996509999999997,0.0004505313,0.0,0.0002349224,0.0,0.0005081014,27.539070000000002,3.0,29.695909999999998,45.44012483461538,23.694032317948718,2.6
400.0,2.600151,0.00038077440000000004,0.0,0.000251378,0.0,0.00045626760000000004,33.43182,3.0,42.382459999999995,38.404515446153844,25.353727256410256,2.6
400.0,2.599719,0.0003056412,0.0,0.000251759,0.0,0.00039597870000000003,39.47854,3.0,60.483869999999996,30.82665795384615,25.392154525641022,2.6
400.0,2.599673,0.0002336527,0.0,0.0002370061,0.0,0.00033281449999999997,45.40821,3.0,86.32597,23.565971678205127,23.90419216282051,2.6
400.0,2.599992,0.0001727778,0.0,0.00021158549999999998,0.0,0.0002731677,50.7654,3.0,123.1932,17.426191699999997,21.340296519230765,2.6
400.0,2.599878,0.0001233442,0.0,0.0001790623,0.0,0.000217433,55.4396,3.0,175.8912,12.440369505128203,18.060039924358975,2.6
400.0,2.5998099999999997,8.697184000000001e-05,0.0,0.00014512190000000002,0.0,0.0001691876,59.06565,3.0,251.3405,8.771890580512821,14.636845991025641,2.6
400.0,2.600219,6.220623000000001e-05,0.0,0.000114515,0.0,0.00013032,61.48854,3.0,357.8244,6.274056556538462,11.549865448717947,2.6
400.0,2.599855,4.495723e-05,5.7766699999999994e-08,8.800766999999999e-05,2.0395329999999998e-07,9.882560999999999e-05,62.94055,3.0,512.2951,4.534340107820513,8.876363331923075,2.6
400.0,2.600037,3.39511e-05,5.173176e-08,6.701172e-05,3.7270020000000003e-07,7.512155e-05,63.131209999999996,3.0,732.4219,3.424273124358974,6.758733349230768,2.6
400.0,2.6000259999999997,2.6785300000000003e-05,3.692737e-08,5.006403e-05,3.846671e-07,5.677904e-05,61.85229,3.0,1041.667,2.701537885897436,5.049406718076923,2.6
400.0,2.600174,2.15921e-05,2.7356479999999996e-07,3.9274159999999995e-05,7.630164e-07,4.4818279999999996e-05,61.198930000000004,3.0,1488.095,2.1777570602564102,3.9611514964102557,2.6
400.0,2.499908,0.0006693744000000001,0.0,1.004817e-05,0.0,0.0006694499,0.8600186,3.0,0.100003,67.51241544615385,1.0134481203846153,2.5
400.0,2.4999689999999997,0.0006690700999999999,0.0,1.167759e-05,0.0,0.000669172,0.9999083000000001,3.0,0.1427445,67.4817240602564,1.1777897503846153,2.5
400.0,2.500029,0.0006676849000000001,0.0,1.400211e-05,0.0,0.0006678316999999999,1.201381,3.0,0.2037335,67.34201420897436,1.4122384534615384,2.5
400.0,2.500029,0.0006675030000000001,0.0,1.81707e-05,0.0,0.0006677502999999999,1.559315,3.0,0.2908745,67.32366796153846,1.8326781653846151,2.5
400.0,2.499989,0.000665902,0.0,2.24548e-05,0.0,0.0006662805000000001,1.931332,3.0,0.41520519999999994,67.16219274358974,2.2647680974358972,2.5
400.0,2.500029,0.0006634337,0.0,2.822212e-05,0.0,0.0006640337,2.435864,3.0,0.5925744000000001,66.91324253717949,2.8464540774358973,2.5
400.0,2.499908,0.0006611410000000001,0.0,3.561195e-05,0.0,0.0006620994999999999,3.083222,3.0,0.8457527,66.68200316666668,3.591784751923077,2.5
400.0,2.499949,0.0006564594999999999,0.0,4.689689e-05,0.0,0.0006581325,4.086218,3.0,1.206626,66.20983187820512,4.729972226025641,2.5
400.0,2.499868,0.0006506576,0.0,5.750288000000001e-05,0.0,0.0006531936,5.050482,3.0,1.7230919999999998,65.62465819487178,5.79968149948718,2.5
400.0,2.499989,0.000642466,0.0,7.238505e-05,0.0,0.0006465309,6.4282639999999995,3.0,2.459855,64.79846182051281,7.300681901923076,2.5
400.0,2.500089,0.0006314791,0.0,9.209204e-05,0.0,0.0006381589,8.297264,3.0,3.51071,63.6903343551282,9.28830870102564,2.5
400.0,2.500653,0.0006135658,0.0,0.0001161288,0.0,0.0006244589,10.71752,3.0,5.012297,61.88361728974358,11.71263166153846,2.5
400.0,2.4998080000000003,0.0005899507,0.0,0.00014474100000000002,0.0,0.0006074469000000001,13.78491,3.0,7.154304,59.50182252435897,14.598428807692308,2.5
400.0,2.499707,0.0005551462,0.0,0.0001765465,0.0,0.0005825426999999999,17.6416,3.0,10.20797,55.99147635128205,17.806298916666666,2.5
400.0,2.4998080000000003,0.0005080995,0.0,0.0002078527,0.0,0.0005489698,22.24843,3.0,14.575560000000001,51.24639444230769,20.96381013974359,2.5
400.0,2.499707,0.0004481332,0.0,0.0002333726,0.0,0.0005052585,27.508979999999998,3.0,20.81483,45.198254928205124,23.537721079487177,2.5
400.0,2.499868,0.0003777305,0.0,0.0002496247,0.0,0.0004527613,33.45888,3.0,29.695909999999998,38.09751081410256,25.176891216666665,2.5
400.0,2.4999290000000003,0.0003040586,0.0,0.0002511734,0.0,0.00039438529999999997,39.559059999999995,3.0,42.382459999999995,30.667038541025637,25.33309151025641,2.5
400.0,2.499787,0.00023321709999999998,0.0,0.0002365955,0.0,0.00033221620000000005,45.412,3.0,60.483869999999996,23.522037508974353,23.862779467948716,2.5
400.0,2.4999290000000003,0.0001721798,0.0,0.0002120242,0.0,0.0002731303,50.920759999999994,3.0,86.32597,17.36587803333333,21.384543351282048,2.5
400.0,2.4998080000000003,0.0001230894,0.0,0.0001795837,0.0,0.0002177184,55.572680000000005,3.0,123.1932,12.414670638461537,18.11262779358974,2.5
400.0,2.499707,8.642416e-05,0.0,0.000146907,0.0,0.00017044290000000001,59.53205,3.0,175.8912,8.716652137435897,14.816889346153845,2.5
400.0,2.499868,6.048973000000001e-05,0.0,0.0001159654,0.0,0.0001307937,62.45261,3.0,251.3405,6.100932127051283,11.696151305128204,2.5
400.0,2.499888,4.322565e-05,0.0,8.9594e-05,0.0,9.947634e-05,64.24448000000001,3.0,357.8244,4.359694725,9.036358948717947,2.5
400.0,2.499878,3.1442240000000005e-05,1.6437910000000003e-09,6.830407e-05,1.999866e-07,7.519349e-05,65.28208000000001,3.0,512.2951,3.171232077948718,6.889078444743588,2.5
400.0,2.4999689999999997,2.395459e-05,9.076853000000002e-09,5.18867e-05,1.468606e-08,5.7149390000000005e-05,65.2186,3.0,732.4219,2.416035378589743,5.233239344871794,2.5
400.0,2.500109,1.885221e-05,6.848735000000001e-08,3.901379e-05,9.028542000000001e-07,4.332992e-05,64.20926999999999,3.0,1041.667,1.9014145649999998,3.93489084525641,2.5
400.0,2.50028,1.507358e-05,1.206911e-07,3.0409340000000003e-05,1.4582069999999998e-06,3.394026e-05,63.63288000000001,3.0,1488.095,1.5203058187179486,3.0670548433333336,2.5
400.0,2.400143,0.0006698146000000001,0.0,1.437546e-05,0.0,0.0006699689,1.229485,3.0,0.100003,67.55681356666668,1.4498941515384616,2.4
400.0,2.399809,0.0006693069,0.0,1.762668e-05,0.0,0.0006695389999999999,1.508577,3.0,0.1427445,67.50560746538461,1.777808866153846,2.4
400.0,2.399827,0.0006676567,0.0,2.123251e-05,0.0,0.0006679943,1.82148,3.0,0.2037335,67.33916998589743,2.1414891816666666,2.4
400.0,2.3996880000000003,0.0006650494,0.0,2.604061e-05,0.0,0.0006655589999999999,2.242322,3.0,0.2908745,67.07620038205128,2.6264292162820513,2.4
400.0,2.399986,0.0006629972,0.0,3.0832129999999994e-05,0.0,0.0006637138000000001,2.662574,3.0,0.41520519999999994,66.86921759487178,3.1096970091025633,2.4
400.0,2.39988,0.0006600393,0.0,3.9578190000000006e-05,0.0,0.0006612247999999999,3.43154,3.0,0.5925744000000001,66.57088683461538,3.991815650384616,2.4
400.0,2.399915,0.0006539073,0.0,4.926709e-05,0.0,0.0006557606,4.308673000000001,3.0,0.8457527,65.95241960384615,4.969028167051282,2.4
400.0,2.399757,0.000647414,0.0,6.187143e-05,0.0,0.0006503637000000001,5.459009,3.0,1.206626,65.29751202564103,6.240288971923076,2.4
400.0,2.399968,0.0006377255000000001,0.0,7.70455e-05,0.0,0.0006423626,6.888686999999999,3.0,1.7230919999999998,64.3203398525641,7.770730108974358,2.4
400.0,2.399985,0.0006249132,0.0,9.59691e-05,0.0,0.0006322393,8.73081,3.0,2.459855,63.02810441538461,9.679344996153844,2.4
400.0,2.399775,0.0006070258,0.0,0.00011949270000000001,0.0,0.000618675,11.13626,3.0,3.51071,61.22399959743589,12.051911165384615,2.4
400.0,2.399827,0.0005817525,0.0,0.0001462285,0.0,0.0005998489,14.10949,3.0,5.012297,58.67496048076923,14.74845653205128,2.4
400.0,2.400038,0.0005473562999999999,0.0,0.0001763526,0.0,0.0005750644,17.85841,3.0,7.154304,55.20579502692306,17.786742361538458,2.4
400.0,2.400003,0.0005007116,0.0,0.00020588880000000002,0.0,0.0005413891999999999,22.35209,3.0,10.20797,50.501258425641026,20.7657332,2.4
400.0,2.3999509999999997,0.0004425872,0.0,0.000230845,0.0,0.0004991721,27.545679999999997,3.0,14.575560000000001,44.63889105641025,23.282789935897434,2.4
400.0,2.399932,0.0003749401,0.0,0.0002448025,0.0,0.00044778160000000006,33.14096,3.0,20.81483,37.81607393205128,24.69052907051282,2.4
400.0,2.3998630000000003,0.000301838,0.0,0.0002461379,0.0,0.00038947410000000004,39.19599,3.0,29.695909999999998,30.4430711025641,24.825216144871792,2.4
400.0,2.400073,0.00023335549999999999,0.0,0.0002334191,0.0,0.00033005949999999996,45.0078,3.0,42.382459999999995,23.535996391025638,23.54241102179487,2.4
400.0,2.400213,0.00017379709999999998,0.0,0.00020971099999999998,0.0,0.00027236759999999996,50.3499,3.0,60.483869999999996,17.5289972525641,21.15123637179487,2.4
400.0,2.399634,0.0001244061,0.0,0.0001789463,0.0,0.0002179419,55.1924,3.0,86.32597,12.54747165,18.04834028333333,2.4
400.0,2.399932,8.775094e-05,0.0,0.0001468808,0.0,0.00017109700000000002,59.14465,3.0,123.1932,8.850469807435896,14.814246841025641,2.4
400.0,2.400178,6.138808000000001e-05,0.0,0.00011690450000000001,0.0,0.0001320423,62.29545,3.0,175.8912,6.191538786666667,11.790867967948719,2.4
400.0,2.3999330000000003,4.3327730000000004e-05,0.0,9.103251e-05,0.0,0.0001008177,64.54746999999999,3.0,251.3405,4.369990409102564,9.181445591923076,2.4
400.0,2.399898,3.133314e-05,0.0,6.97016e-05,0.0,7.642041e-05,65.79453000000001,3.0,357.8244,3.1602283638461537,7.030031887179487,2.4
400.0,2.399827,2.305739e-05,2.6065240000000003e-08,5.24372e-05,3.779788e-07,5.728266e-05,66.26422,3.0,512.2951,2.325544706794872,5.28876221025641,2.4
400.0,2.4000470000000003,1.7646789999999998e-05,8.855751e-08,3.938749e-05,1.5017389999999999e-07,4.315998e-05,65.86617,3.0,732.4219,1.7798371401282047,3.9725818439743588,2.4
400.0,2.4001080000000004,1.41211e-05,9.135826e-08,2.9558890000000002e-05,3.6506259999999997e-07,3.2758709999999996e-05,64.4649,3.0,1041.667,1.4242396628205127,2.9812793285897436,2.4
400.0,2.400353,1.146019e-05,3.120864e-07,2.1959029999999996e-05,2.076485e-06,2.476964e-05,62.440419999999996,3.0,1488.095,1.1558630093589743,2.2147652437179484,2.4
400.0,2.1998439999999997,0.0006634396,0.0,3.364138e-05,0.0,0.0006642919999999999,2.902841,3.0,0.100003,66.91383760512821,3.3930350828205125,2.2
400.0,2.209172,0.0006596864,0.0,3.984891e-05,0.0,0.0006608889,3.4567989999999997,3.0,0.1427445,66.53529370256409,4.019120191923077,2.21
400.0,2.210084,0.0006545291000000001,0.0,4.7101579999999995e-05,0.0,0.0006562216,4.116055,3.0,0.2037335,66.01513371410256,4.750617049487179,2.21
400.0,2.201681,0.0006455579,0.0,5.5590019999999996e-05,0.0,0.000647947,4.92169,3.0,0.2908745,65.11030768333333,5.606752401794871,2.2
400.0,2.208691,0.0006369771,0.0,6.629276e-05,0.0,0.0006404175,5.941611,3.0,0.41520519999999994,64.24485699615384,6.68621978102564,2.21
400.0,2.210124,0.0006268676999999999,0.0,7.933166e-05,0.0,0.0006318676,7.212581,3.0,0.5925744000000001,63.22523328076922,8.001309861794871,2.21
400.0,2.2112,0.0006137463,0.0,9.471556999999999e-05,0.0,0.0006210117,8.772886,3.0,0.8457527,61.901822334615375,9.55291524602564,2.21
400.0,2.209858,0.0005966214,0.0,0.0001130559,0.0,0.0006072386000000001,10.72996,3.0,1.206626,60.174622484615384,11.402702119230769,2.21
400.0,2.2105360000000003,0.0005739179,0.0,0.00013428690000000002,0.0,0.000589419,13.169310000000001,3.0,1.7230919999999998,57.88477076025641,13.544039003846155,2.21
400.0,2.208731,0.0005451789,0.0,0.0001578754,0.0,0.000567578,16.1502,3.0,2.459855,54.98618469615384,15.92315092051282,2.21
400.0,2.208214,0.0005075543,0.0,0.0001831332,0.0,0.0005395823,19.8402,3.0,3.51071,51.19140612948718,18.470626723076922,2.21
400.0,2.210828,0.00045921910000000006,0.0,0.0002063223,0.0,0.0005034392,24.19388,3.0,5.012297,46.31636743205129,20.809455565384614,2.21
400.0,2.197993,0.00040208940000000003,0.0,0.00022354770000000001,0.0,0.0004600537,29.072540000000004,3.0,7.154304,40.554324484615385,22.546791742307693,2.2
400.0,2.194623,0.00033834129999999997,0.0,0.0002312252,0.0,0.00040980480000000005,34.34902,3.0,10.20797,34.12475650128204,23.321136517948716,2.19
400.0,2.190681,0.0002731513,0.0,0.00022703880000000002,0.0,0.0003551876,39.7328,3.0,14.575560000000001,27.549759962820513,22.898900507692307,2.19
400.0,2.209752,0.0002128293,0.0,0.00021183490000000003,0.0,0.0003002837,44.865840000000006,3.0,20.81483,21.46574491153846,21.365450747435897,2.21
400.0,2.210298,0.0001600106,0.0,0.0001897818,0.0,0.0002482349,49.864779999999996,3.0,29.695909999999998,16.138505002564102,19.1411977,2.21
400.0,2.197588,0.00011720489999999999,0.0,0.0001626423,0.0,0.0002004732,54.22234,3.0,42.382459999999995,11.821166003846152,16.403935565384614,2.2
400.0,2.189072,8.439030999999999e-05,0.0,0.000133598,0.0,0.0001580195,57.720490000000005,3.0,60.483869999999996,8.511520112435896,13.474557256410254,2.19
400.0,2.210177,6.036015e-05,0.0,0.0001073165,0.0,0.0001231267,60.64444,3.0,86.32597,6.087862821153846,10.82383212179487,2.21
400.0,2.197602,4.3711620000000005e-05,0.0,8.402936e-05,0.0,9.471874e-05,62.51679,3.0,123.1932,4.408709160769231,8.475115065641026,2.2
400.0,2.193031,3.184313e-05,0.0,6.496414e-05,0.0,7.234863000000001e-05,63.88754,3.0,175.8912,3.2116654321794873,6.552216530512821,2.19
400.0,2.198528,2.384685e-05,0.0,4.961276e-05,0.0,5.5046330000000004e-05,64.32829,3.0,251.3405,2.4051688326923077,5.003892088717948,2.2
400.0,2.209991,1.865322e-05,0.0,3.780412e-05,0.0,4.215560000000001e-05,63.73745,3.0,357.8244,1.8813446376923075,3.8128847697435897,2.21
400.0,2.2019729999999997,1.474125e-05,2.698489e-09,2.847482e-05,2.861183e-07,3.20643e-05,62.62965,3.0,512.2951,1.4867873557692306,2.8719411402564097,2.2
400.0,2.1978619999999998,1.188192e-05,3.978728e-08,2.142283e-05,2.937353e-07,2.449731e-05,60.985580000000006,3.0,732.4219,1.1983982646153846,2.1606846616666666,2.2
400.0,2.1933290000000003,9.90039e-06,1.4331250000000002e-07,1.6654589999999997e-05,1.144332e-06,1.937507e-05,59.270469999999996,3.0,1041.667,0.9985431811538461,1.6797648657692303,2.19
400.0,2.200968,8.018167e-06,2.9301820000000005e-07,1.3212820000000001e-05,1.9822060000000002e-07,1.5455410000000002e-05,58.748630000000006,3.0,1488.095,0.8087040998589743,1.3326314735897435,2.2
400.0,1.999464,0.0006406520999999999,0.0,5.6785319999999995e-05,0.0,0.0006431639,5.065274,3.0,0.100003,64.61551372692307,5.727309133846153,2.0
400.0,1.9998639999999999,0.000633003,0.0,6.529063e-05,0.0,0.0006363612000000001,5.8889059999999995,3.0,0.1427445,63.84403334615384,6.5851459770512815,2.0
400.0,1.999816,0.00062329,0.0,7.588208000000001e-05,0.0,0.0006278922,6.941282000000001,3.0,0.2037335,62.86439012820512,7.653388761025641,2.0
400.0,1.9999099999999999,0.0006112101,0.0,8.817288e-05,0.0,0.0006175372,8.208832000000001,3.0,0.2908745,61.64602380384615,8.893026243076923,2.0
400.0,1.9998169999999997,0.0005960167,0.0,0.00010228059999999999,0.0,0.0006047291000000001,9.737503,3.0,0.41520519999999994,60.11363306282051,10.315916412820512,2.0
400.0,1.9998169999999997,0.000576759,0.0,0.00011963200000000001,0.0,0.0005890355000000001,11.71819,3.0,0.5925744000000001,58.171321192307694,12.06596082051282,2.0
400.0,2.000099,0.0005532645,0.0,0.0001379591,0.0,0.0005702055,14.001439999999999,3.0,0.8457527,55.80169001923076,13.914413329487179,2.0
400.0,1.9997220000000002,0.0005234326,0.0,0.0001585853,0.0,0.0005469286,16.855320000000003,3.0,1.206626,52.792875182051276,15.994750706410256,2.0
400.0,1.9999099999999999,0.0004859608,0.0,0.0001797918,0.0,0.0005181535,20.30305,3.0,1.7230919999999998,49.013507866666664,18.133616546153846,2.0
400.0,2.000028,0.0004398896,0.0,0.0001988822,0.0,0.0004827597,24.3286,3.0,2.459855,44.36681388717948,20.059054710256408,2.0
400.0,2.000075,0.0003858789,0.0,0.0002128468,0.0,0.0004406884,28.880670000000002,3.0,3.51071,38.91935008076923,21.46750994358974,2.0
400.0,1.999769,0.0003265452,0.0,0.00021827990000000002,0.0,0.0003927822,33.76084,3.0,5.012297,32.93501395384615,22.015486837179488,2.0
400.0,1.999793,0.0002667062,0.0,0.000213475,0.0,0.0003416193,38.67422,3.0,7.154304,26.899713787179483,21.53086955128205,2.0
400.0,2.000075,0.0002111577,0.0,0.0002001998,0.0,0.0002909769,43.474090000000004,3.0,10.20797,21.297149049999998,20.191946494871793,2.0
400.0,1.999934,0.00016176260000000002,0.0,0.00017919099999999999,0.0,0.00024140529999999998,47.92623,3.0,14.575560000000001,16.315209925641025,18.073020474358973,2.0
400.0,1.999793,0.0001211083,0.0,0.0001539073,0.0,0.0001958435,51.8011,3.0,20.81483,12.214858924358973,15.522932424358972,2.0
400.0,1.999793,8.893365e-05,0.0,0.0001280701,0.0,0.0001559203,55.22334,3.0,29.695909999999998,8.969756725,12.91701893205128,2.0
400.0,1.999934,6.538242e-05,0.0,0.00010368979999999999,0.0,0.0001225824,57.7662,3.0,42.382459999999995,6.594403822307691,10.458046879487178,2.0
400.0,1.999911,4.880843e-05,0.0,8.172507e-05,0.0,9.519059999999999e-05,59.153209999999994,3.0,60.483869999999996,4.922768189871794,8.242706739615384,2.0
400.0,1.999934,3.648247e-05,0.0,6.334306e-05,0.0,7.309797e-05,60.06018,3.0,86.32597,3.679584506282051,6.388716064358974,2.0
400.0,1.999934,2.8499250000000003e-05,0.0,4.875544e-05,0.0,5.647389e-05,59.69221999999999,3.0,123.1932,2.874405125,4.9174236728205125,2.0
400.0,1.9999580000000001,2.247984e-05,0.0,3.724059e-05,0.0,4.3499480000000005e-05,58.883219999999994,3.0,175.8912,2.2672936061538462,3.756047711923077,2.0
400.0,2.000051,1.83106e-05,0.0,2.8219740000000003e-05,0.0,3.363974e-05,57.02215,3.0,251.3405,1.8467883358974357,2.8462140330769232,2.0
400.0,2.000169,1.5585510000000003e-05,0.0,2.158439e-05,0.0,2.6623190000000006e-05,54.16795,3.0,357.8244,1.5719385534615387,2.176979437564102,2.0
400.0,1.999852,1.28951e-05,3.1685380000000004e-08,1.683553e-05,1.5240419999999998e-08,2.1206570000000003e-05,52.54985,3.0,512.2951,1.3005865602564102,1.6980142885897436,2.0
400.0,1.999899,1.096399e-05,4.16478e-09,1.326694e-05,2.253071e-08,1.721106e-05,50.429190000000006,3.0,732.4219,1.1058167862820512,1.3380899612820512,2.0
400.0,2.000275,9.315993999999999e-06,3.898339e-08,1.078443e-05,1.173884e-06,1.4251020000000001e-05,49.178309999999996,3.0,1041.667,0.9396015999743588,1.0877065488461537,2.0
400.0,2.0002400000000002,7.803307999999999e-06,1.7508220000000002e-07,8.271432e-06,1.794521e-07,1.137138e-05,46.668079999999996,3.0,1488.095,0.7870336414871794,0.8342481479999999,2.0
400.0,1.810179,0.000595668,0.0,9.731903e-05,0.0,0.0006035656,9.278889,3.0,0.100003,60.07846353846154,9.815497551410255,1.81
400.0,1.808093,0.0005778080000000001,0.0,0.00011099350000000001,0.0,0.000588372,10.87372,3.0,0.1427445,58.27712225641026,11.19469057051282,1.81
400.0,1.806066,0.0005563921,0.0,0.0001262033,0.0,0.0005705255000000001,12.77984,3.0,0.2037335,56.11713654743589,12.728735398717946,1.81
400.0,1.8037150000000002,0.0005296926,0.0,0.00014399790000000002,0.0,0.0005489168,15.208420000000002,3.0,0.2908745,53.42425236153846,14.523480503846155,1.8
400.0,1.801722,0.0004969573,0.0,0.0001617681,0.0,0.0005226236,18.03095,3.0,0.41520519999999994,50.12260357820512,16.31576465,1.8
400.0,1.800687,0.0004590043,0.0,0.0001796402,0.0,0.0004929051999999999,21.37385,3.0,0.5925744000000001,46.29470292435897,18.118326325641025,1.8
400.0,1.800391,0.00041085019999999994,0.0,0.0001949496,0.0,0.0004547562,25.38447,3.0,0.8457527,41.43792978717948,19.662416707692305,1.8
400.0,1.800081,0.0003591861,0.0,0.00020334919999999998,0.0,0.0004127536,29.515890000000002,3.0,1.206626,36.22714164999999,20.509591748717945,1.8
400.0,1.7995400000000001,0.0003020451,0.0,0.00020510580000000002,0.0,0.00036510220000000003,34.17873,3.0,1.7230919999999998,30.463958996153846,20.686760623076925,1.8
400.0,1.798804,0.0002460926,0.0,0.0001973967,0.0,0.0003154791,38.73392,3.0,2.459855,24.82064723333333,19.90922870384615,1.8
400.0,1.798558,0.000194263,0.0,0.0001821164,0.0,0.000266279,43.151579999999996,3.0,3.51071,19.593166935897433,18.368073317948717,1.8
400.0,1.79784,0.0001496358,0.0,0.000160808,0.0,0.00021965909999999999,47.06106,3.0,5.012297,15.092113315384612,16.218929948717946,1.8
400.0,1.797612,0.0001134718,0.0,0.00013698899999999999,0.0,0.00017788150000000002,50.364090000000004,3.0,7.154304,11.444649366666665,13.816570038461537,1.8
400.0,1.797661,8.553041999999999e-05,0.0,0.00011276979999999999,0.0,0.0001415361,52.82145,3.0,10.20797,8.626510437692307,11.373846366666665,1.8
400.0,1.797302,6.456995e-05,0.0,9.043853000000001e-05,0.0,0.0001111234,54.47449,3.0,14.575560000000001,6.512458931410255,9.121537378333334,1.8
400.0,1.7970580000000003,4.9698290000000004e-05,0.0,7.079001e-05,0.0,8.649361999999999e-05,54.929140000000004,3.0,20.81483,5.012518556794872,7.139807803461538,1.8
400.0,1.796977,3.893638e-05,0.0,5.468792e-05,0.0,6.713278000000001e-05,54.55011999999999,3.0,29.695909999999998,3.927083352051282,5.51576752102564,1.8
400.0,1.7970419999999998,3.193165e-05,0.0,4.1917460000000004e-05,0.0,5.2694440000000004e-05,52.70078,3.0,42.382459999999995,3.2205934685897435,4.227752023333333,1.8
400.0,1.797253,2.6432059999999998e-05,0.0,3.177045e-05,0.0,4.132815e-05,50.240559999999995,3.0,60.483869999999996,2.6659104617948715,3.2043350019230767,1.8
400.0,1.7971549999999998,2.266004e-05,0.0,2.4339139999999998e-05,0.0,3.325464e-05,47.0461,3.0,86.32597,2.2854683933333333,2.454820697179487,1.8
400.0,1.797432,1.9752839999999998e-05,0.0,1.866674e-05,0.0,2.7177600000000002e-05,43.380720000000004,3.0,123.1932,1.9922511830769227,1.882708251025641,1.8
400.0,1.797596,1.7243510000000003e-05,0.0,1.453961e-05,0.0,2.255524e-05,40.137370000000004,3.0,175.8912,1.739162732948718,1.466450152179487,1.8
400.0,1.797824,1.49558e-05,0.0,1.1329680000000001e-05,0.0,1.876266e-05,37.14553,3.0,251.3405,1.5084266487179485,1.1426999046153847,1.8
400.0,1.798297,1.319844e-05,0.0,9.381802e-06,0.0,1.619311e-05,35.40623,3.0,357.8244,1.3311811215384615,0.9462389273589742,1.8
400.0,1.79873,1.1338830000000001e-05,1.60263e-09,7.694580999999999e-06,2.3660139999999998e-07,1.370312e-05,34.161,3.0,512.2951,1.1436227642307693,0.7760675477820511,1.8
400.0,1.799139,9.787708999999999e-06,1.035427e-10,6.710666e-06,6.048705e-08,1.1867280000000001e-05,34.43538,3.0,732.4219,0.9871782910641024,0.676830890025641,1.8
400.0,1.799532,8.316081e-06,4.398871e-08,5.289624999999999e-06,1.524328e-07,9.855828e-06,32.45929,3.0,1041.667,0.8387514003461537,0.5335061522435897,1.8
400.0,1.8004080000000002,6.7355359999999994e-06,4.974249e-07,6.747939e-06,2.144904e-06,9.53426e-06,45.0527,3.0,1488.095,0.6793392527179486,0.680590206576923,1.8
