H,T,HC,Add,C,C/T
Oe,K,uJ/K,uJ/K,J/molK,J/molK2
m = 4.91 mg,M = 349.33 g/mole,1.4055477628603328e-05 mole,HC avg,,
0.0,60.5394965,1501.3821,795.64416,106.81829103727085,1.76443969991179
0.0,53.837548999999996,1321.1491999999998,638.8801,93.9953258729124,1.745906483835518
0.0,47.880865,1150.26395,521.12165,81.83741459338084,1.7091883071323135
0.0,42.59485599999999,992.4266,423.66275500000006,70.60781755152749,1.6576606703759604
0.0,37.9034405,849.10302,345.24219000000005,60.41082647181262,1.5938085217307019
0.0,33.7045335,726.11392,281.19662,51.660565310305486,1.532748266944727
0.0,29.9777245,612.4171699999999,227.97123,43.57142362446027,1.4534600057606197
0.0,26.6676305,511.64860999999996,183.160635,36.40207921207738,1.3650286331992405
0.0,23.715027,420.530305,146.29692999999997,29.919318013370667,1.2616185515357274
0.0,21.100123,348.83384,116.67824,24.818355463788183,1.1762185208014277
0.0,18.782086,282.319585,92.07612750000001,20.086089740947045,1.06942805718955
0.0,16.7086075,231.035845,72.19353749999999,16.437423978380853,0.9837698311113511
0.0,14.894086,189.01281999999998,56.353812500000004,13.447626967535637,0.9028836658748739
0.0,13.2496925,154.647975,43.451002,11.002683728462321,0.8304104965803788
0.0,11.782071499999999,130.52630499999998,33.295826500000004,9.286507968564152,0.7881897481749413
0.0,10.4806455,114.12711999999999,25.359641000000003,8.119761065091648,0.7747386422994317
0.0,9.32665215,107.47521499999999,19.1907275,7.646500377993888,0.819854783368745
0.0,8.29619765,117.39519,14.3857295,8.352273263279022,1.0067591944701344
0.0,7.38299985,123.92179499999999,10.706509,8.816619276446026,1.1941784444768784
0.0,6.6030308,69.204403,8.016200000000001,4.92366071282892,0.745666779689854
0.0,5.8720799,39.703364,5.8561353,2.8247609258900197,0.48104947037420587
0.0,5.2250823,23.4318035,4.21266735,1.6670940767118125,0.31905604179896124
0.0,4.64335245,13.640756999999999,2.9782277,0.9704940209389,0.2090071842250312
0.0,4.1242628,8.56736475,2.1093677499999997,0.609539211429226,0.14779349449536192
0.0,3.66546285,5.649426,1.48928375,0.40193767506720973,0.10965536727979926
0.0,3.259119,3.8591825,1.04543825,0.2745678661354378,0.08424603892507079
0.0,2.8913129499999997,2.71903895,0.72953548,0.19345048399256615,0.06690748713056681
0.0,2.5664799,2.0183000499999997,0.5147585699999999,0.1435952660827902,0.055950278855793956
0.0,2.28047585,1.5230378,0.36657252500000004,0.10835902131853359,0.047515969668581924
0.0,2.026704,1.15926335,0.26456869000000005,0.08247769166099794,0.040695479784417427
0.0,2.02715375,1.1560226,0.264734515,0.08224712318900203,0.04057271096926024
0.0,2.24902185,1.4583906500000001,0.35237745,0.10375959384205702,0.046135431650900595
0.0,2.4739928499999997,1.84451775,0.4628869,0.1312312394312627,0.05304430828539489
0.0,2.7015489500000003,2.2637115,0.599204175,0.16105546604786147,0.05961597181049096
0.0,2.9288304,2.78929645,0.7577029,0.19844906901802442,0.06775710502664287
0.0,3.1548160000000003,3.50624845,0.9446978500000001,0.24945779450885947,0.07907205824645858
0.0,3.3796095500000005,4.2529376,1.171135,0.302582218290835,0.08953170885992878
0.0,3.6033688,5.3358531,1.4178695000000001,0.37962801699042764,0.10535363934727626
0.0,3.82971735,6.601403799999999,1.6938377,0.46966769642647643,0.1226376918981962
0.0,4.0543587500000005,8.08927585,2.0069811,0.5755247928066191,0.1419521133413808
0.0,4.2801567,9.96684185,2.3546258499999997,0.7091073041671079,0.1656732110221824
0.0,4.5069713,12.282757,2.7342473000000003,0.8738768844826882,0.1938944861891373
0.0,4.7323032,14.932113000000001,3.1493237499999998,1.0623696607515274,0.22449315182330826
0.0,4.9608209500000005,18.447572,3.6170735499999997,1.3124827549409366,0.2645696686434402
0.0,5.185949150000001,22.358867500000002,4.12118395,1.590758285901222,0.30674390355355136
0.0,5.40844855,26.925128,4.6514752,1.915632375608961,0.35419258552602134
0.0,5.6324764,32.4193925,5.217140199999999,2.3065308313696535,0.4095056361655867
0.0,5.85700925,38.825452999999996,5.8174043,2.762300508450101,0.47162304011217004
0.0,6.081949249999999,46.573966,6.444405099999999,3.3135811696089608,0.5448222327091863
0.0,6.3046757,54.77094699999999,7.0948498,3.896768821896129,0.6180760133143929
0.0,6.52414615,65.00611,7.76786935,4.624966274195519,0.7088998572166443
0.0,6.752460600000001,77.4835845,8.50051275,5.51269665445723,0.816398196304504
0.0,6.9763112,91.66244449999999,9.251601,6.5214748955570245,0.9348027501349173
0.0,7.2007221,109.053855,10.0416365,7.758815308991853,1.0775051725703806
0.0,7.424592299999999,127.60378,10.861971,9.07858013592668,1.2227715366844698
0.0,7.6486162,139.01047499999999,11.720653,9.890128153105904,1.2930611099437703
0.0,7.874434150000001,135.33558,12.619903,9.628671723299385,1.2227763341318163
0.0,8.09764285,124.69046,13.537828000000001,8.871307208105906,1.0955419215736226
0.0,8.3191992,116.77221000000002,14.4827495,8.307950329796334,0.9986478421861006
0.0,8.5399575,112.29337999999998,15.451771,7.989296626354376,0.9355194831302587
0.0,8.7592295,109.40594999999999,16.449334,7.783865685030548,0.8886473045409472
0.0,8.98443075,108.01154,17.508098500000003,7.6846580994297335,0.8553305505114761
0.0,9.20468565,108.0196,18.5798815,7.685231541344194,0.8349260185049551
0.0,9.42470905,107.97861499999999,19.6863435,7.682315596323827,0.8151249609476089
0.0,9.6483189,108.65055000000001,20.844133499999998,7.7301215135437875,0.8011884343441206
0.0,9.867922,109.583925,22.0047255,7.796528008197554,0.7900881267806489
0.0,10.0733815,110.533585,23.10549,7.864093125875763,0.7806805615250214
0.0,10.262311,112.356375,24.144137,7.993778508910386,0.7789452598844827
0.0,10.483481,114.21816999999999,25.375405,8.126238966619143,0.7751470114381991
0.0,10.7059795,116.360975,26.644361500000002,8.278692341496944,0.7732774326250993
0.0,10.931536,119.113385,27.967029,8.47451706355397,0.7752357091953016
0.0,11.1544065,121.54343499999999,29.311664,8.647406954898164,0.7752458147278535
0.0,11.373697499999999,124.527545,30.671130500000004,8.859716353329938,0.7789653587437102
0.0,11.596734,127.43625,32.093758,9.066660939409369,0.7818288269274236
0.0,11.8184215,130.763675,33.539881,9.303396046384929,0.787194469784728
0.0,12.0403185,134.00818,35.0159365,9.534231674012219,0.7918587597173795
0.0,12.2639025,137.66184499999997,36.5227195,9.79417766066191,0.7986183566496806
0.0,12.485877,141.26482499999997,38.0422785,10.05051757988798,0.8049508720843542
0.0,12.706768499999999,144.848305,39.576951,10.305470139643583,0.8110221052381322
0.0,12.929405000000001,148.94145500000002,41.145784000000006,10.596684007158858,0.8195801745833514
0.0,13.151635,152.89997,42.7426595,10.878319046863542,0.8271457538825813
0.0,13.375812,157.23609,44.381251000000006,11.186819413380853,0.8363469382928568
0.0,13.6014155,161.69862,46.06682,11.504313426598776,0.8458173655968951
0.0,13.8232795,166.358405,47.7594185,11.83584147019348,0.8562252879422341
0.0,14.0459745,170.95806,49.491210499999994,12.163091466354375,0.8659485652885369
0.0,14.2693455,175.595735,51.26126,12.493046457749488,0.875516431902885
0.0,14.49081,180.40998000000002,53.048463999999996,12.835563811283095,0.8857726939545197
0.0,14.712395999999998,185.2234,54.860378000000004,13.178022468839101,0.8957087933766262
0.0,14.935365000000001,190.05583000000001,56.711822,13.521833624012219,0.9053567572009267
0.0,15.157022,195.20120500000002,58.567491,13.887909764287167,0.916269024633412
0.0,15.196736000000001,195.55762499999997,58.9028335,13.913267849541747,0.915543169897914
0.0,16.7226285,231.444705,72.338724,16.466512993411403,0.9846844946302193
0.0,18.299823500000002,269.61728,87.2946675,19.182363426150708,1.0482266906099234
0.0,19.848028499999998,311.28604499999994,103.16735,22.146956028482684,1.115826492716024
0.0,21.4126575,355.01595,120.092645,25.258191815376776,1.1795916417836867
0.0,22.988666000000002,401.04457,137.77987000000002,28.532973449714863,1.2411756928268418
0.0,24.539453,445.718245,156.243225,31.711355300580443,1.2922600719983628
0.0,26.1274085,492.89439,176.14002499999998,35.06777948242362,1.342183610840073
0.0,29.2581445,585.536215,218.03665999999998,41.65893400935844,1.4238405996442611
0.0,30.823511000000003,632.936635,239.78031,45.031314603778,1.4609404685851004
0.0,32.385090500000004,681.707945,262.012525,48.501229414837056,1.4976406940977067
0.0,33.933772000000005,730.26599,284.56266500000004,51.95597113782077,1.5310991992820828
0.0,35.496594,777.45325,307.93543,55.31318611456211,1.5582674246031072
0.0,37.061055499999995,824.5396599999999,332.02533500000004,58.66322595270874,1.5828806050250983
0.0,38.6222905,871.27764,356.767745,61.988476167250504,1.6049922302575634
0.0,40.187723,917.287075,382.45714999999996,65.26189285330956,1.623926114283946
0.0,41.7492325,964.4706600000001,408.972765,68.6188463661507,1.6435953970207886
0.0,43.312425000000005,1011.5926999999999,436.32373000000007,71.97142115906313,1.661680710767479
0.0,44.871694000000005,1058.48395,464.47985,75.30757601904276,1.6782868954990366
0.0,46.443017,1103.1113500000001,493.729105,78.48266555916496,1.6898700951999945
0.0,48.007272,1149.4063999999998,523.55459,81.77640279266801,1.7034169905065217
0.0,51.138754,1240.1437999999998,584.18577,88.23206388065171,1.725346375874776
0.0,52.699989499999994,1283.7717499999999,615.271475,91.33604591191444,1.733132146296053
0.0,55.8245285,1372.4828499999999,682.50874,97.6475425642566,1.7491870542938235
0.0,57.3883515,1415.3314500000001,718.54494,100.6960764620163,1.7546431258269597
0.0,58.948519999999995,1458.3811999999998,755.9703900000001,103.75892150631361,1.7601616038250598
0.0,60.506467,1501.5117500000001,794.850555,106.82751519908349,1.765555328145064
