[Header]
TITLE,HC_AJ2145_Co-imidazole.dat
BYAPP,HeatCapacity,3.8.2,1.7
INFO,3.11,MASS:Sample Mass (mg)
INFO,0,MASSERR:Sample Mass Error (mg)
INFO,311.25,MOLWGHT:Formula Weight (g/mole)
INFO,0,ATOMS:Atoms per Formula Unit
INFO,PPMS Heat Capacity Option 3.8.2 Build 2,APPNAME
DATATYPE,TIME,1
DATATYPE,COMMENT,2
STARTUPAXIS, X, 8, LINEAR, AUTO
STARTUPAXIS, Y1, 10, LINEAR, AUTO
[Data]
Time Stamp (Seconds),Comment (),System Status (Code),Puck Temp (Kelvin),System Temp (Kelvin),Field (Oersted),Pressure (Torr),Sample Temp (Kelvin),Temp Rise (Kelvin),Samp HC (µJ/K),Samp HC Err (µJ/K),Addenda HC (µJ/K),Addenda HC Err (µJ/K),Total HC (µJ/K),Total HC Err (µJ/K),Fit Deviation (ChiSquare),Time Const tau1 (seconds),Time Const tau2 (seconds),Sample Coupling (Percent),Debye Temp (Kelvin),Debye Temp Err (Kelvin),Cal Correction (Factor),Therm Resist (Ohms),Htr Resist (Ohms),Puck Resist (Ohms),Wire Cond (W/K),Meas Time (seconds),Temp Squared (K^2),Samp HC/Temp (µJ/K/K),Addenda Offset HC (µJ/K)
3847596.03,CALFILE: Puck1070shorten2.cal - Addenda #82 measured on 2/10/2019 from 2.1734371 to 40.28299 K
3847596.16,,5905,39.9956,40.188,-0.056,9.3E-6,40.276801,0.79678683,553.76731,1.099,421.50144,0.8718,975.26875,1.099,0.4218551,21.334453,0.23352675,95.606787,0,0,1,,,,4.6398E-5,39.55859,1622.2207,13.749039,0
3847769.8,,5905,39.9949,40.1954,-0.056,9.3E-6,40.299649,0.83045096,553.899,1.077,421.85891,0.8737,975.75792,1.077,0.66308615,21.365672,0.2320056,95.641698,0,0,1,,,,4.6348E-5,42.66891,1624.0617,13.744512,0
3848386.73,,5905,32.708,32.9209,-0.056,9.3E-6,33.004183,0.74006351,413.73941,0.9727,298.05613,0.8074,711.79554,0.9727,0.46165334,17.907455,0.19009558,95.69711,0,0,1,,,,4.0359E-5,42.73134,1089.2761,12.535969,0
3848535.58,,5905,32.7348,32.8967,-0.056,9.3E-6,32.976618,0.68171917,415.91659,0.957,297.75226,0.8076,713.66885,0.957,0.792394,18.077423,0.19253145,95.678067,0,0,1,,,,4.0091E-5,35.81491,1087.4574,12.61247,0
3849035.42,,5905,26.712,26.9268,-0.056,9.3E-6,26.940052,0.62141176,309.47083,0.8914,208.43823,0.4624,517.90906,0.8914,25.278131,16.628249,0.20404614,94.96672,0,0,1,,,,3.1743E-5,36.15485,725.76641,11.487388,0
3849156.36,,5905,26.7434,26.9568,-0.056,9.3E-6,26.989852,0.59174696,300.78086,0.7852,209.08479,0.4621,509.86565,0.7852,0.93218086,15.346287,0.18211236,95.163203,0,0,1,,,,3.3819E-5,33.2565,728.45209,11.144221,0
3849572.38,,5905,21.8804,22.0045,-0.056,9.2E-6,22.06246,0.49701997,214.77609,0.4261,144.23388,0.2781,359.00997,0.4261,0.22738925,12.565176,0.122401,95.991133,0,0,1,,,,2.9003E-5,30.69257,486.75216,9.7349109,0
3849683.95,,5905,21.8849,21.9995,-0.056,9.4E-6,22.043286,0.45199212,213.99696,0.3865,144.04826,0.2777,358.04522,0.3865,4.2933531,12.450899,0.12221519,95.962863,0,0,1,,,,2.9193E-5,25.13035,485.90644,9.7080336,0
3850034.73,,5905,17.887,17.9985,-0.056,9.2E-6,18.029735,0.39887887,151.90697,0.4147,96.907556,0.2177,248.81453,0.4147,0.30723272,10.705128,0.10991905,95.726206,0,0,1,,,,2.3633E-5,24.9018,325.07136,8.4253578,0
3850119.27,,5905,17.8891,18.0086,-0.056,9.4E-6,18.030484,0.37106231,151.37068,0.3259,96.956702,0.2178,248.32738,0.3259,6.80082,10.56063,0.10434626,95.889904,0,0,1,,,,2.3893E-5,21.41026,325.09837,8.3952641,0
3850460.05,,5905,14.6316,14.7723,-0.056,9.3E-6,14.785867,0.32389394,108.21986,0.2391,64.020792,0.144,172.24065,0.2391,1.0405181,9.0459798,0.082300527,96.133884,0,0,1,,,,1.9346E-5,21.12126,218.62185,7.3191424,0
3850535.73,,5905,14.6386,14.7754,-0.056,9.3E-6,14.781068,0.30197901,107.89533,0.2257,64.001964,0.144,171.8973,0.2257,6.4733876,8.9701726,0.080934974,96.168555,0,0,1,,,,1.9467E-5,18.09196,218.47996,7.2995628,0
3850891.55,,5905,11.9725,12.1034,-0.056,9.3E-6,12.117061,0.26092481,77.715744,0.1394,41.40269,0.08322,119.11843,0.1394,0.94669426,7.8280127,0.062941384,96.471158,0,0,1,,,,1.5456E-5,17.94035,146.82316,6.4137455,0
3850969.59,,5905,11.9812,12.0981,-0.056,9.3E-6,12.108034,0.24639586,77.512537,0.1399,41.347674,0.08317,118.86021,0.1399,3.0674523,7.7832644,0.064054644,96.389969,0,0,1,,,,1.5517E-5,15.65603,146.60449,6.4017442,0
3851357.5,,5905,9.79411,9.9037,-0.056,9.2E-6,9.9121558,0.20724581,59.138331,0.09655,26.028149,0.05155,85.16648,0.09655,0.600513,7.2068637,0.049432296,96.770059,0,0,1,,,,1.2009E-5,15.56653,98.250832,5.9662431,0
3851421.86,,5905,9.79969,9.9024,-0.056,9.3E-6,9.9102202,0.20229788,58.854731,0.08707,26.019497,0.05152,84.874228,0.08707,0.82296607,7.0813894,0.047040431,96.877548,0,0,1,,,,1.2173E-5,14.41373,98.212463,5.9387915,0
3851801.78,,5905,8.0125,8.1103,-0.056,9.2E-6,8.1106058,0.16218499,49.965952,0.1022,16.056728,0.04646,66.02268,0.1022,0.250359,7.150348,0.037294299,97.153179,0,0,1,,,,9.3893E-6,14.16278,65.781926,6.1605696,0
3851866.8,,5905,8.01681,8.1093,-0.056,9.3E-6,8.1118953,0.16452265,49.705208,0.09266,16.064519,0.04647,65.769727,0.09266,1.5587702,7.1502276,0.039455824,96.996397,0,0,1,,,,9.3619E-6,14.3007,65.802845,6.1274469,0
3852528.64,,5905,6.55034,6.6656,-0.056,9.3E-6,6.6493842,0.12688118,46.107295,0.07035,9.4774353,0.03702,55.584731,0.07035,0.72122592,7.8535995,0.028327804,97.423806,0,0,1,,,,7.2069E-6,14.30046,44.21431,6.93407,0
3852597.17,,5905,6.55193,6.6683,-0.056,9.3E-6,6.6553717,0.13652615,46.116026,0.144,9.5016835,0.03697,55.617709,0.144,0.046690429,7.8802816,0.029256497,97.351786,0,0,1,,,,7.1903E-6,15.7072,44.293973,6.9291435,0
3853040.44,,5905,5.3555,5.4596,-0.056,9.3E-6,5.4452723,0.12856207,68.539451,0.8412,5.5863397,0.0144,74.125791,0.8412,99.110403,15.111284,0.035150784,96.577308,0,0,1,,,,5.0543E-6,32.41104,29.650991,12.586965,0
3853152.64,,5905,5.35772,5.461,-0.056,9.2E-6,5.4477394,0.12372927,67.741814,0.8462,5.5934177,0.0144,73.335232,0.8462,52.626764,14.607373,0.032022964,96.815649,0,0,1,,,,5.1616E-6,30.22257,29.677864,12.434849,0
3853625.38,,5905,4.38144,4.4646,-0.056,9.4E-6,4.4574583,0.091304896,40.2487,0.144,3.1276386,0.007924,43.376339,0.144,6.3892131,10.043338,0.012042327,98.183855,0,0,1,,,,4.3878E-6,19.99759,19.868934,9.0295182,0
3853707.58,,5905,4.38265,4.4619,-0.056,9.4E-6,4.4593143,0.091588064,40.215969,0.1453,3.1315195,0.007943,43.347489,0.1453,7.5156353,9.9878145,0.012515531,98.104223,0,0,1,,,,4.4123E-6,20.08668,19.885484,9.0184201,0
3854051.83,,5905,3.57852,3.6428,-0.056,9.2E-6,3.6380159,0.074628109,12.476744,0.05309,1.703009,0.004305,14.179753,0.05309,0.97260951,4.2592673,0.0099741713,97.7559,0,0,1,,,,3.3885E-6,8.264908,13.23516,3.4295463,0
3854099.47,,5905,3.58018,3.6443,-0.056,9.3E-6,3.640509,0.076530372,12.370018,0.05046,1.7067047,0.004316,14.076722,0.05046,0.73805376,4.2353254,0.0098437105,97.791486,0,0,1,,,,3.3817E-6,8.518535,13.253306,3.3978813,0
3854340.67,,5905,2.92433,2.9678,-0.056,9.2E-6,2.9715966,0.060945017,3.7382544,0.01755,0.9237842,0.002237,4.6620386,0.01755,0.23310088,1.7860899,0.0071173753,97.472853,0,0,1,,,,2.6539E-6,3.474464,8.8303861,1.2579953,0
3854363.88,,5905,2.92575,2.9711,-0.056,9.2E-6,2.9738995,0.062406948,3.6668692,0.01453,0.92593076,0.00224,4.5928,0.01453,0.36817797,1.7242441,0.0062497998,97.733348,0,0,1,,,,2.7032E-6,3.57218,8.8440781,1.2330172,0
3854577.08,,5905,2.39453,2.4172,-0.056,9.3E-6,2.4293855,0.050100064,1.2434426,0.00381,0.50533684,0.001035,1.7487795,0.00381,3.3619522,0.82718146,0.0053015998,96.878068,0,0,1,,,,2.1488E-6,1.643098,5.9019139,0.51183423,0
3854599.73,,5905,2.39517,2.4174,-0.056,9.2E-6,2.4297404,0.051043367,1.2547039,0.005156,0.50578376,0.001036,1.7604877,0.005156,1.403447,0.87459975,0.0059937255,96.649465,0,0,1,,,,2.0486E-6,1.654363,5.9036385,0.51639423,0
3856058.48,,5905,2.00698,2.015,-0.056,9.3E-6,2.0300841,0.04355947,0.58487465,0.001546,0.30682389,0.0008294,0.89169855,0.001546,16.74536,0.51617441,0.0040288349,96.556667,0,0,1,,,,1.7542E-6,1.037347,4.1212416,0.28810365,0
3856076.58,,5905,2.00571,2.0139,-0.056,9.3E-6,2.0285654,0.043568955,0.5842578,0.001633,0.30627074,0.0008302,0.89052854,0.001633,5.3910235,0.5228368,0.0043980847,96.289152,0,0,1,,,,1.7318E-6,1.032349,4.1150774,0.28801527,0
3856341.48,,5905,2.13128,2.1417,-0.056,9.2E-6,2.1548463,0.042461702,0.73053322,0.002457,0.3597991,0.0008022,1.0903323,0.002457,1.8729497,0.59955397,0.0050958419,96.168497,0,0,1,,,,1.8514E-6,1.045674,4.6433624,0.33901872,0
3856360.47,,5905,2.13164,2.1413,-0.056,9.3E-6,2.1571241,0.045701656,0.73101101,0.002087,0.36063889,0.0008024,1.0916499,0.002087,1.5335334,0.58076488,0.004169856,96.763857,0,0,1,,,,1.9081E-6,1.199108,4.6531843,0.33888223,0
3856535.17,,5905,2.26244,2.279,-0.056,9.3E-6,2.2886188,0.042938395,0.93939902,0.00287,0.42570947,0.0008655,1.3651085,0.00287,3.4547974,0.68804939,0.0052936239,96.419619,0,0,1,,,,2.0192E-6,1.16153,5.2377758,0.41046549,0
3856553.55,,5905,2.26295,2.2792,-0.056,9.3E-6,2.2917795,0.047144955,0.94304626,0.002989,0.42714567,0.0008678,1.3701919,0.002989,1.4173449,0.67052514,0.0045886505,96.814402,0,0,1,,,,2.0755E-6,1.376099,5.2522532,0.41149084,0
3856731.59,,5905,2.39419,2.4171,-0.056,9.3E-6,2.4230806,0.044690444,1.2430767,0.004551,0.5018792,0.001026,1.7449559,0.004551,3.3988345,0.86477256,0.006366896,96.402476,0,0,1,,,,2.0563E-6,1.34105,5.8713198,0.51301498,0
3856750.88,,5905,2.39526,2.4175,-0.056,9.3E-6,2.4278602,0.051768852,1.252689,0.00484,0.50447432,0.001033,1.7571633,0.00484,5.3253568,0.84851076,0.0057165491,96.704798,0,0,1,,,,2.107E-6,1.729545,5.8945052,0.51596421,0
3856923.78,,5905,2.52578,2.5552,-0.056,9.2E-6,2.5594524,0.048678777,1.5885019,0.00538,0.58829219,0.001297,2.1767941,0.00538,2.5201174,0.97300125,0.0054681441,97.143944,0,0,1,,,,2.2724E-6,1.697022,6.5507966,0.62064132,0
3856943.63,,5905,2.52667,2.5569,-0.056,9.3E-6,2.5616629,0.052190086,1.6632476,0.005953,0.5897616,0.001303,2.2530092,0.005953,0.65810628,1.0264647,0.0059711371,96.980109,0,0,1,,,,2.2324E-6,1.946002,6.5621166,0.64928437,0
3857130.11,,5905,2.65801,2.6945,-0.056,9.4E-6,2.6955146,0.051288858,2.1080831,0.009656,0.68390436,0.001698,2.7919875,0.009656,0.11178504,1.1897612,0.0054824159,97.498934,0,0,1,,,,2.3812E-6,2.052929,7.2657988,0.78207077,0
3857150.59,,5905,2.65883,2.6947,-0.056,9.3E-6,2.6991232,0.055599653,2.129039,0.006895,0.68686542,0.00171,2.8159044,0.006895,4.3768444,1.1800364,0.0053848499,97.516013,0,0,1,,,,2.4212E-6,2.379522,7.2852662,0.7887891,0
3857326.2,,5905,2.78942,2.8312,-0.056,9.2E-6,2.8288032,0.051192425,2.7614875,0.01013,0.79171355,0.002026,3.5532011,0.01013,0.71804721,1.3952673,0.0062204786,97.410602,0,0,1,,,,2.5877E-6,2.360073,8.0021273,0.97620348,0
3857348.22,,5905,2.79101,2.8327,-0.056,9.3E-6,2.8330693,0.058131815,2.7476978,0.0136,0.79405572,0.002031,3.5417535,0.0136,0.12759785,1.3974657,0.0042815425,98.231861,0,0,1,,,,2.562E-6,2.790535,8.0262819,0.96986604,0
3857525.41,,5905,2.92098,2.9668,-0.056,9.3E-6,2.9629352,0.053898914,3.6641325,0.01755,0.91437126,0.002224,4.5785038,0.01755,0.40326131,1.7351862,0.0064473492,97.659093,0,0,1,,,,2.6793E-6,2.794931,8.7789848,1.2366563,0
3857548.22,,5905,2.92208,2.9678,-0.056,9.3E-6,2.9678872,0.061484797,3.6180306,0.01617,0.92001603,0.002232,4.5380467,0.01617,0.15803627,1.7202706,0.0070424841,97.448647,0,0,1,,,,2.6821E-6,3.470372,8.8083547,1.2190593,0
3857717.2,,5905,3.05408,3.1058,-0.056,9.2E-6,3.0974306,0.056793708,4.6190108,0.02171,1.0508629,0.002461,5.6698738,0.02171,1.040427,2.034642,0.0080975388,97.339994,0,0,1,,,,2.8374E-6,3.440541,9.5940763,1.4912395,0
3857742.3,,5905,3.05566,3.1076,-0.056,9.3E-6,3.1027731,0.063219498,4.716439,0.02356,1.0553871,0.002472,5.7718261,0.02356,1.7060037,2.063352,0.0072326332,97.634539,0,0,1,,,,2.8427E-6,4.069284,9.6272011,1.5200721,0
3857915.98,,5905,3.18601,3.2422,-0.056,9.3E-6,3.2321985,0.060143099,5.9748895,0.02035,1.1948456,0.002832,7.169735,0.02035,0.29975136,2.4684334,0.005990142,98.240317,0,0,1,,,,2.9408E-6,4.126704,10.447107,1.8485528,0
3857947.47,,5905,3.18792,3.2439,-0.056,9.3E-6,3.2386286,0.065816998,6.1486389,0.02821,1.2009997,0.002849,7.3496387,0.02821,1.0384396,2.4437929,0.0055397581,98.330414,0,0,1,,,,3.0433E-6,4.936867,10.488715,1.8985317,0
3858129.81,,5905,3.31877,3.378,-0.056,9.2E-6,3.3670181,0.06011461,7.9120451,0.03806,1.3498422,0.003277,9.2618873,0.03806,2.2024507,2.925143,0.0081369859,97.741669,0,0,1,,,,3.2198E-6,4.887586,11.336811,2.3498671,0
3858163.89,,5905,3.32093,3.3794,-0.056,9.3E-6,3.3733243,0.068434058,7.9405121,0.03221,1.3570695,0.003297,9.2975816,0.03221,0.88871001,2.9882621,0.0056905501,98.4613,0,0,1,,,,3.1469E-6,5.850286,11.379317,2.3539131,0
3858349.64,,5905,3.45207,3.5141,-0.056,9.2E-6,3.502269,0.064952123,9.8954661,0.0285,1.5196798,0.003759,11.415146,0.0285,0.38893481,3.541702,0.0068680739,98.304971,0,0,1,,,,3.2649E-6,5.976524,12.265888,2.8254443,0
3858386.66,,5905,3.45488,3.5178,-0.056,9.3E-6,3.5087236,0.072804846,9.9444907,0.04856,1.5281193,0.003784,11.47261,0.04856,2.283741,3.6208282,0.0088865828,97.850543,0,0,1,,,,3.2209E-6,7.083404,12.311141,2.8342189,0
3858576.08,,5905,3.58668,3.6532,-0.056,9.3E-6,3.6370233,0.068201125,12.461443,0.03395,1.7017823,0.004301,14.163225,0.03395,0.73540702,4.2333074,0.0081196574,98.16699,0,0,1,,,,3.3941E-6,7.241656,13.227938,3.4262753,0
3858617.75,,5905,3.58782,3.654,-0.056,9.3E-6,3.6439702,0.075566064,12.651118,0.05633,1.7116351,0.00433,14.362753,0.05633,2.4833684,4.3340948,0.009684823,97.84515,0,0,1,,,,3.3707E-6,8.466615,13.278519,3.4717951,0
3858803.77,,5905,3.71663,3.7879,-0.056,9.2E-6,3.7713525,0.071404574,15.388264,0.07101,1.8969616,0.004843,17.285226,0.07101,1.2927128,4.9187176,0.008617867,98.187222,0,0,1,,,,3.5657E-6,8.66819,14.223099,4.080304,0
3858847.48,,5905,3.72108,3.7903,-0.056,9.2E-6,3.7784892,0.077361211,15.763711,0.0654,1.9075384,0.00487,17.671249,0.0654,1.6902699,4.9910849,0.0080528279,98.307294,0,0,1,,,,3.5892E-6,9.837435,14.276981,4.1719612,0
3859052.14,,5905,3.85181,3.9276,-0.056,9.3E-6,3.9085561,0.073776001,18.896648,0.08696,2.1109761,0.005292,21.007624,0.08696,1.5213103,5.8007114,0.01079269,97.914303,0,0,1,,,,3.6841E-6,9.98217,15.276811,4.8346876,0
3859109.55,,5905,3.85582,3.9301,-0.056,9.4E-6,3.9175061,0.081351113,19.175967,0.06452,2.1258746,0.005314,21.301842,0.06452,1.6171653,5.9085303,0.011383935,97.825592,0,0,1,,,,3.6703E-6,11.60142,15.346854,4.8949425,0
3859323.84,,5905,3.98544,4.0639,-0.056,9.3E-6,4.0451452,0.07666403,23.315661,0.09459,2.3408366,0.005573,25.656498,0.09459,1.0716307,6.9442239,0.013247362,97.663091,0,0,1,,,,3.7678E-6,11.81706,16.3632,5.7638625,0
3859386.08,,5905,3.98952,4.065,-0.056,9.3E-6,4.054983,0.084857862,23.729922,0.08034,2.356382,0.005591,26.086304,0.08034,1.847694,6.731441,0.0092126225,98.315678,0,0,1,,,,3.9303E-6,13.88845,16.442887,5.85204,0
3859697.73,,5905,4.08686,4.1641,-0.056,9.4E-6,4.1506954,0.079787546,26.987169,0.07414,2.526643,0.00583,29.513812,0.07414,2.7452876,7.4348733,0.009204232,98.401183,0,0,1,,,,4.0236E-6,13.18035,17.228272,6.5018428,0
3859762.61,,5905,4.0916,4.169,-0.056,9.4E-6,4.157565,0.085921822,27.077807,0.1,2.5397356,0.005853,29.617543,0.1,3.8842653,7.5725437,0.012466896,97.869167,0,0,1,,,,3.9825E-6,14.86975,17.285347,6.5129005,0
3859992.39,,5905,4.18618,4.2658,-0.056,9.3E-6,4.2512802,0.081418936,31.139712,0.1192,2.7147777,0.006246,33.85449,0.1192,0.17394098,8.3618356,0.010387701,98.295482,0,0,1,,,,4.1082E-6,15.14509,18.073383,7.3247848,0
3860063.83,,5905,4.18978,4.2702,-0.056,9.3E-6,4.259311,0.08775076,31.516745,0.09627,2.7295953,0.006288,34.24634,0.09627,1.2747609,8.4661867,0.01208952,98.025933,0,0,1,,,,4.1142E-6,16.72367,18.14173,7.3994937,0
3860304.33,,5905,4.28786,4.369,-0.056,9.3E-6,4.3535531,0.084789637,35.337366,0.1231,2.9152049,0.00695,38.252571,0.1231,0.72267363,9.3856923,0.012727186,98.046649,0,0,1,,,,4.145E-6,16.93237,18.953424,8.1169026,0
3860381.83,,5905,4.29086,4.3703,-0.056,9.3E-6,4.3622862,0.090717264,35.949185,0.1549,2.9317839,0.00702,38.880968,0.1549,2.3273402,9.3215138,0.012368183,98.07017,0,0,1,,,,4.2414E-6,18.77138,19.029541,8.2409047,0
3860655.25,,5905,4.38991,4.4738,-0.056,9.3E-6,4.456996,0.086269869,40.401479,0.1608,3.1272028,0.007922,43.528681,0.1608,0.33955561,10.343603,0.013842392,97.96276,0,0,1,,,,4.2838E-6,18.64303,19.864813,9.064733,0
3860739.28,,5905,4.39137,4.4721,-0.056,9.3E-6,4.4656939,0.092460757,40.987765,0.1607,3.1444636,0.008006,44.132228,0.1607,5.2046005,10.191143,0.012351769,98.143244,0,0,1,,,,4.4012E-6,20.68721,19.942422,9.1783642,0
3861033.13,,5905,4.49003,4.574,-0.056,9.3E-6,4.5597288,0.087852827,45.490587,0.1847,3.3473783,0.009011,48.837966,0.1847,0.32618115,11.143419,0.01277369,98.179945,0,0,1,,,,4.4532E-6,20.38229,20.791127,9.9765994,0
3861120.94,,5905,4.49351,4.5783,-0.056,9.3E-6,4.5675285,0.094005267,46.204906,0.1908,3.3640215,0.009092,49.568928,0.1908,1.6918275,11.200942,0.013460494,98.072695,0,0,1,,,,4.5011E-6,22.28684,20.862316,10.115954,0
3861440.41,,5905,4.59171,4.6786,-0.056,9.3E-6,4.6621224,0.089384512,51.814911,0.2074,3.5748578,0.01008,55.389768,0.2074,0.44978744,12.357663,0.015035159,97.953109,0,0,1,,,,4.5643E-6,22.40188,21.735385,11.114018,0
3861535.45,,5905,4.59407,4.6782,-0.056,9.3E-6,4.6704185,0.096329719,52.199975,0.2263,3.5917293,0.01015,55.791705,0.2263,3.7737905,12.071971,0.012054648,98.320849,0,0,1,,,,4.6908E-6,24.71533,21.812809,11.176723,0
3861868.16,,5905,4.69047,4.7782,-0.056,9.3E-6,4.7634193,0.09086298,58.032294,0.212,3.8066461,0.01097,61.83894,0.212,0.9670688,13.427731,0.015102349,98.02307,0,0,1,,,,4.6872E-6,24.14394,22.690163,12.182907,0
3861970.98,,5905,4.69547,4.7865,-0.056,9.2E-6,4.7719829,0.0986597,58.407885,0.2127,3.8255496,0.01104,62.233435,0.2127,5.5756107,13.3114,0.015098534,98.003355,0,0,1,,,,4.7592E-6,26.85546,22.77182,12.239752,0
3862320.52,,5905,4.79341,4.8855,-0.056,9.3E-6,4.8655895,0.093621324,64.8865,0.1958,4.0475351,0.01172,68.934035,0.1958,1.3283404,14.729754,0.018253522,97.717232,0,0,1,,,,4.7769E-6,26.6228,23.673961,13.335794,0
3862430.41,,5905,4.79533,4.8873,-0.056,9.3E-6,4.8742667,0.10098489,65.470495,0.1564,4.0665662,0.01178,69.537062,0.1564,2.6645314,14.388891,0.013720709,98.244174,0,0,1,,,,4.9093E-6,29.45951,23.758476,13.431866,0
3862773.67,,5905,4.89128,4.9863,-0.056,9.3E-6,4.9663199,0.095617919,72.048742,0.2431,4.2907376,0.01238,76.339479,0.2431,0.29517222,15.804687,0.016523057,97.997635,0,0,1,,,,4.9182E-6,28.77778,24.664334,14.507471,0
3862889.98,,5905,4.89541,4.9891,-0.056,9.3E-6,4.9752344,0.10202449,73.062172,0.2191,4.3109849,0.01243,77.373157,0.2191,1.4905869,15.453558,0.013617533,98.30242,0,0,1,,,,5.084E-6,31.60937,24.752957,14.685172,0
3863251.28,,5905,4.99314,5.0887,-0.056,9.4E-6,5.0679553,0.097357157,79.927211,0.2918,4.5445158,0.01298,84.471727,0.2918,0.28962676,17.069157,0.016501646,98.071264,0,0,1,,,,5.036E-6,30.90712,25.68417,15.771096,0
3863375.97,,5905,4.99569,5.0898,-0.056,9.3E-6,5.0769045,0.10460721,80.789606,0.247,4.5655307,0.01303,85.355136,0.247,1.8203147,16.817379,0.016812384,97.993281,0,0,1,,,,5.1686E-6,34.13831,25.774959,15.913162,0
3863768.5,,5905,5.09458,5.1964,-0.056,9.3E-6,5.170508,0.099848015,88.03351,0.2658,4.8092971,0.01353,92.842807,0.2658,0.33218593,18.122451,0.016426432,98.1264,0,0,1,,,,5.2111E-6,33.63476,26.734153,17.026085,0
3863898.72,,5905,5.09621,5.1938,-0.056,9.3E-6,5.1785866,0.10640864,88.718714,0.237,4.8297714,0.01357,93.548485,0.237,2.2004504,17.975444,0.016167117,98.135156,0,0,1,,,,5.2933E-6,36.2449,26.817759,17.131839,0
3864333.06,,5905,5.19544,5.296,-0.056,9.3E-6,5.273069,0.10301817,94.68321,0.2446,5.0865689,0.01404,99.769779,0.2446,0.39926062,19.191311,0.019839633,97.82521,0,0,1,,,,5.3029E-6,35.95089,27.805257,17.955997,0
3864470.31,,5905,5.19623,5.2977,-0.056,9.3E-6,5.2827737,0.10987069,94.520867,0.1454,5.1120841,0.01409,99.632951,0.1454,0.2229056,18.824225,0.017763653,98.030127,0,0,1,,,,5.3886E-6,38.38262,27.907698,17.89228,0
3864889.17,,5905,5.29373,5.3992,-0.056,9.3E-6,5.3779135,0.11497912,88.10429,0.5347,5.3835755,0.01439,93.487866,0.5347,2.3845813,18.171876,0.024258804,97.490808,0,0,1,,,,5.2624E-6,37.64845,28.921953,16.382616,0
3865019.47,,5905,5.295,5.3965,-0.056,9.3E-6,5.3825117,0.11688991,86.550367,0.5716,5.3981483,0.01439,91.948516,0.5716,6.4741953,17.903617,0.025914089,97.324992,0,0,1,,,,5.261E-6,36.34375,28.971432,16.079922,0
3865463.67,,5905,5.39326,5.4978,-0.056,9.3E-6,5.4853123,0.14595662,58.094645,0.749,5.7045477,0.01437,63.799192,0.749,29.259691,13.601451,0.054035788,94.947467,0,0,1,,,,4.8984E-6,35.80723,30.088651,10.590946,0
3865565.86,,5905,5.39499,5.4987,-0.056,9.3E-6,5.4828816,0.12730085,58.339903,0.6625,5.7003701,0.01437,64.040274,0.6625,70.547492,12.861197,0.035195657,96.54485,0,0,1,,,,5.1276E-6,27.2029,30.06199,10.640373,0
3865927.86,,5905,5.49112,5.5974,-0.056,9.4E-6,5.5851566,0.1343609,47.043345,0.1991,6.0076709,0.01427,53.051016,0.1991,1.6226192,9.7821759,0.025779442,97.3341,0,0,1,,,,5.5403E-6,25.72239,31.193974,8.4229232,0
3866008.41,,5905,5.49287,5.5988,-0.056,9.3E-6,5.5818528,0.11867649,46.956875,0.1039,6.0033144,0.01427,52.96019,0.1039,1.5860259,9.6166225,0.022329876,97.657702,0,0,1,,,,5.6112E-6,19.56435,31.15708,8.4124174,0
3866290.48,,5905,5.58332,5.693,-0.056,9.3E-6,5.6724016,0.1199514,45.275969,0.1101,6.2887016,0.01431,51.56467,0.1101,0.1254242,9.0660001,0.020779947,97.833644,0,0,1,,,,5.785E-6,19.23325,32.17614,7.9817989,0
3866365.5,,5905,5.5901,5.6966,-0.056,9.2E-6,5.6779162,0.11823137,45.277548,0.06895,6.3076627,0.01432,51.585211,0.06895,1.6893314,9.0065817,0.021298626,97.76918,0,0,1,,,,5.8284E-6,18.132,32.238733,7.9743248,0
3866620.98,,5905,5.68426,5.7966,-0.056,9.3E-6,5.7716993,0.11916848,44.779746,0.152,6.6061863,0.01472,51.385932,0.152,0.3699024,8.9210752,0.025132782,97.450829,0,0,1,,,,5.8748E-6,18.01316,33.312513,7.7585029,0
3866695.98,,5905,5.68884,5.7955,-0.056,9.3E-6,5.7790797,0.11999449,45.167478,0.1122,6.6285176,0.01477,51.795996,0.1122,0.4646931,8.7233074,0.019284121,97.997807,0,0,1,,,,6.0301E-6,17.84215,33.397762,7.815687,0
3866949.84,,5905,5.78425,5.8942,-0.056,9.3E-6,5.8716826,0.11960154,45.115875,0.1029,6.9230433,0.01574,52.038918,0.1029,0.097209409,8.8166477,0.024921868,97.51744,0,0,1,,,,6.0156E-6,17.44661,34.476657,7.6836365,0
3867023.73,,5905,5.78972,5.9011,-0.056,9.3E-6,5.8795418,0.12407358,44.658567,0.06089,6.9491782,0.01586,51.607745,0.06089,0.59791147,8.7773233,0.025348748,97.489372,0,0,1,,,,5.9934E-6,17.6333,34.569012,7.5955862,0
3867266.55,,5905,5.88428,5.9915,-0.056,9.2E-6,5.9752459,0.12311594,44.942078,0.07034,7.2453985,0.01783,52.187477,0.07034,0.29135912,8.4901519,0.02103993,97.905601,0,0,1,,,,6.2446E-6,17.55465,35.703563,7.5213772,0
3867338.03,,5905,5.88951,6.0004,-0.056,9.2E-6,5.9810342,0.12305706,44.787392,0.1086,7.2646269,0.018,52.052019,0.1086,1.6986157,8.3234698,0.019282039,98.052297,0,0,1,,,,6.3458E-6,16.9803,35.77277,7.4882354,0
3867609.06,,5905,5.98328,6.0928,-0.056,9.3E-6,6.0717688,0.12326072,44.969429,0.1392,7.5440432,0.02099,52.513472,0.1392,0.12507604,8.6632856,0.029138334,97.229075,0,0,1,,,,6.1887E-6,16.64694,36.866376,7.4063144,0
3867682.25,,5905,5.98839,6.0988,-0.056,9.3E-6,6.0814952,0.12725224,45.287548,0.08334,7.5704151,0.02131,52.857963,0.08334,0.14932414,8.3536029,0.021875267,97.843692,0,0,1,,,,6.4302E-6,17.32657,36.984583,7.4467786,0
3867922.95,,5905,6.08249,6.1928,-0.056,9.3E-6,6.1736632,0.12603702,44.980891,0.1126,7.852998,0.02497,52.833889,0.1126,1.623188,8.3007899,0.022844839,97.802898,0,0,1,,,,6.4689E-6,16.70721,38.114117,7.2859321,0
3867994.08,,5905,6.08861,6.1985,-0.056,9.4E-6,6.1811841,0.12735246,45.32997,0.1029,7.8765529,0.02528,53.206523,0.1029,0.099753192,8.2877266,0.024315594,97.648095,0,0,1,,,,6.5325E-6,16.60158,38.207037,7.3335415,0
3868200.13,,5905,6.18073,6.291,-0.056,9.3E-6,6.2712447,0.12783262,45.556527,0.063,8.1552581,0.02897,53.711785,0.063,0.15184748,8.2356226,0.021927047,97.912973,0,0,1,,,,6.6222E-6,16.57545,39.328511,7.2643517,0
3868270.78,,5905,6.18654,6.2946,-0.056,9.3E-6,6.279247,0.12985054,45.428011,0.07331,8.1818631,0.02931,53.609874,0.07331,0.72524607,8.2719404,0.027906112,97.360068,0,0,1,,,,6.6076E-6,16.47125,39.428943,7.2346271,0
3868499.84,,5905,6.28175,6.3901,-0.056,9.3E-6,6.3749916,0.13057531,45.566792,0.08646,8.4887292,0.03286,54.055521,0.08646,0.25796249,8.1314053,0.024821224,97.670555,0,0,1,,,,6.7608E-6,16.54388,40.640518,7.1477414,0
3868570.39,,5905,6.28749,6.3956,-0.056,9.2E-6,6.3817392,0.13289768,45.311924,0.1105,8.5125244,0.0331,53.824448,0.1105,0.12908332,8.2091165,0.028515992,97.360931,0,0,1,,,,6.6831E-6,16.26281,40.726595,7.1002469,0
3868808.58,,5905,6.38208,6.4929,-0.056,9.2E-6,6.4762479,0.13279724,45.923625,0.1256,8.8328963,0.03574,54.756521,0.1256,0.20989177,8.1706921,0.029652378,97.286539,0,0,1,,,,6.8335E-6,16.41823,41.941787,7.091085,0
3868879.25,,5905,6.38845,6.4967,-0.056,9.3E-6,6.4842545,0.13558643,45.350908,0.06338,8.8599088,0.0359,54.210817,0.06338,0.84468593,7.9177487,0.024623972,97.703644,0,0,1,,,,6.9597E-6,16.34138,42.045557,6.9940049,0
3869093.92,,5905,6.48236,6.5971,-0.056,9.4E-6,6.5760334,0.1329174,45.843329,0.1398,9.1966658,0.03713,55.039995,0.1398,0.16355001,8.0198965,0.032001378,97.098945,0,0,1,,,,7.0058E-6,15.8355,43.244215,6.9712738,0
3869163.52,,5905,6.48879,6.6028,-0.056,9.3E-6,6.5843988,0.13516275,46.247228,0.09739,9.2270327,0.03716,55.47426,0.09739,0.071159533,7.8435384,0.024684524,97.709306,0,0,1,,,,7.1882E-6,16.03979,43.354307,7.0237586,0
3869458.48,,5905,6.57971,6.6963,-0.056,9.3E-6,6.6719703,0.12947749,46.393924,0.09364,9.5675461,0.03681,55.96147,0.09364,0.050829873,7.9018523,0.025710569,97.683622,0,0,1,,,,7.1979E-6,14.23712,44.515187,6.9535568,0
3869526.88,,5905,6.58676,6.7021,-0.056,9.3E-6,6.6829685,0.13793965,46.115089,0.08641,9.6106963,0.03669,55.725785,0.08641,0.15519877,7.8336529,0.025589621,97.6908,0,0,1,,,,7.2292E-6,15.8037,44.662068,6.90039,0
3869761.38,,5905,6.88196,7.0083,-0.056,9.3E-6,6.9795152,0.14278707,46.665416,0.1307,10.864136,0.0296,57.529552,0.1307,0.29246168,7.7240284,0.031090493,97.349089,0,0,1,,,,7.5821E-6,15.66731,48.713632,6.6860541,0
3869829.06,,5905,6.88906,7.0101,-0.056,9.3E-6,6.9883051,0.14345535,47.042494,0.07976,10.901916,0.02936,57.94441,0.07976,0.39891105,7.6391991,0.027518946,97.622911,0,0,1,,,,7.7073E-6,15.44806,48.836408,6.7316028,0
3870052.61,,5905,7.18262,7.3117,-0.056,9.3E-6,7.282572,0.14885843,47.408721,0.0808,12.211631,0.02464,59.620352,0.0808,0.19809229,7.5642373,0.0289869,97.631587,0,0,1,,,,8.0032E-6,15.2784,53.035855,6.509887,0
3870118.17,,5905,7.1896,7.3189,-0.056,9.2E-6,7.2920372,0.15025589,47.448142,0.07342,12.258854,0.02468,59.706996,0.07342,0.66324652,7.5181766,0.030860717,97.466438,0,0,1,,,,8.0726E-6,15.12847,53.173806,6.5068431,0
3870330.55,,5905,7.4851,7.6173,-0.056,9.3E-6,7.5873221,0.15506763,48.319669,0.08901,13.58951,0.03111,61.90918,0.08901,0.19867473,7.4877721,0.033476769,97.374371,0,0,1,,,,8.4045E-6,15.03635,57.567457,6.3684747,0
3870396.19,,5905,7.49418,7.6232,-0.056,9.2E-6,7.5973136,0.15742755,48.347917,0.08988,13.637364,0.03146,61.985281,0.08988,0.41906115,7.5115126,0.038729815,96.974044,0,0,1,,,,8.4095E-6,14.97554,57.719173,6.3638175,0
3870608.78,,5905,7.79056,7.92,-0.056,9.3E-6,7.8948758,0.16376825,49.035045,0.1032,15.023704,0.04187,64.058749,0.1032,0.11091091,7.3857435,0.03702435,97.192942,0,0,1,,,,8.8208E-6,15.02303,62.329064,6.2109964,0
3870673.41,,5905,7.79736,7.9237,-0.056,9.3E-6,7.9044223,0.16468739,48.846566,0.09393,15.068068,0.04215,63.914634,0.09393,0.45025545,7.2480099,0.037605483,97.104947,0,0,1,,,,8.9726E-6,14.77149,62.479891,6.1796504,0
3870903.27,,5905,8.09404,8.2263,-0.056,9.3E-6,8.2021057,0.16852354,49.737886,0.08725,16.506939,0.04689,66.244825,0.08725,0.26818334,7.2118682,0.032491796,97.583712,0,0,1,,,,9.3143E-6,14.49602,67.274538,6.0640387,0
3870967.41,,5905,8.10308,8.2382,-0.056,9.3E-6,8.2107279,0.16961975,49.410989,0.0889,16.549534,0.04689,65.960523,0.0889,0.31119169,7.1157441,0.037992818,97.148042,0,0,1,,,,9.4232E-6,14.42374,67.416052,6.0178574,0
3871177.3,,5905,8.39373,8.53,-0.056,9.2E-6,8.5008261,0.17086245,51.813339,0.1741,17.997223,0.0441,69.810562,0.1741,1.5179741,7.3507495,0.047229849,96.628451,0,0,1,,,,9.6808E-6,14.23149,72.264044,6.0950946,0
3871242.14,,5905,8.40261,8.5406,-0.056,9.3E-6,8.515546,0.17893503,51.278609,0.1125,18.072372,0.04387,69.35098,0.1125,0.83934306,7.1714716,0.037057371,97.310481,0,0,1,,,,9.8173E-6,14.7015,72.514523,6.021764,0
3871470.86,,5905,8.70105,8.8443,-0.056,9.3E-6,8.8106448,0.17939704,52.388847,0.117,19.602425,0.03922,71.991272,0.117,1.0361182,7.1994675,0.044281855,96.888659,0,0,1,,,,1.0171E-5,14.34294,77.627461,5.9460855,0
3871534.97,,5905,8.70812,8.8498,-0.056,9.3E-6,8.8231438,0.18089496,53.257007,0.1211,19.66965,0.03907,72.926657,0.1211,0.57361926,7.2007497,0.043797394,96.90417,0,0,1,,,,1.0301E-5,14.39893,77.847867,6.0360579,0
3871744.42,,5905,9.0017,9.1447,-0.056,9.3E-6,9.1163715,0.18346127,55.162516,0.1585,21.275037,0.03841,76.437553,0.1585,0.08825127,7.2039467,0.043483441,96.989828,0,0,1,,,,1.0783E-5,14.4015,83.10823,6.050929,0
3871809.33,,5905,9.01007,9.1534,-0.056,9.4E-6,9.1279499,0.18798351,54.268405,0.07566,21.340824,0.03849,75.60923,0.07566,0.41894293,7.0759767,0.042489966,97.031963,0,0,1,,,,1.0855E-5,14.40789,83.319469,5.9453005,0
3872019.81,,5905,9.30318,9.4438,-0.056,9.4E-6,9.4196807,0.18890094,56.368516,0.1596,23.039307,0.04209,79.407823,0.1596,0.57280955,7.3730166,0.058072198,96.171932,0,0,1,,,,1.0988E-5,14.15195,88.730385,5.9841218,0
3872084.52,,5905,9.31297,9.4533,-0.056,9.4E-6,9.4334538,0.19490952,56.928529,0.09539,23.11217,0.04229,80.040699,0.09539,1.4341507,7.2135926,0.049471198,96.657622,0,0,1,,,,1.1291E-5,14.74603,88.990051,6.0347493,0
3872294.19,,5905,9.60928,9.7523,-0.056,9.3E-6,9.7263429,0.19517881,58.292594,0.1748,24.877982,0.04782,83.170576,0.1748,0.061714131,7.2589747,0.050520846,96.680478,0,0,1,,,,1.1652E-5,14.42719,94.601745,5.9932695,0
3872358.39,,5905,9.61641,9.7601,-0.056,9.3E-6,9.7385465,0.20134436,57.465781,0.09633,24.954519,0.04807,82.4203,0.09633,0.37613507,7.1333752,0.048658862,96.770057,0,0,1,,,,1.1743E-5,14.51795,94.839288,5.9008581,0
3872576.58,,5905,9.91358,10.0569,-0.056,9.3E-6,10.032405,0.19977067,60.134107,0.1572,26.794293,0.05385,86.9284,0.1572,0.13834657,7.3454079,0.055485442,96.460772,0,0,1,,,,1.2044E-5,14.26675,100.64916,5.9939869,0
3872641.3,,5905,9.92102,10.0678,-0.056,9.3E-6,10.045489,0.20567957,60.193243,0.09416,26.878273,0.0541,87.071516,0.09416,0.89448412,7.2120945,0.050730293,96.707027,0,0,1,,,,1.2271E-5,14.69082,100.91184,5.9920672,0
3873045.64,,5905,10.2444,10.3285,-0.056,9.2E-6,10.330413,0.20697852,61.781744,0.1001,28.728071,0.06011,90.509815,0.1001,0.57589615,7.231854,0.05071409,96.768947,0,0,1,,,,1.2712E-5,14.42419,106.71743,5.9805687,0
3873110.38,,5905,10.2466,10.3261,-0.056,9.4E-6,10.331157,0.2094998,62.023854,0.09768,28.7341,0.06013,90.757954,0.09768,2.4993674,7.1907552,0.051059803,96.723711,0,0,1,,,,1.2823E-5,14.46371,106.73281,6.0035727,0
3873325.13,,5905,10.5335,10.6114,-0.056,9.3E-6,10.60937,0.21009362,63.961656,0.1239,30.606827,0.0667,94.568483,0.1239,0.58801475,7.3949002,0.056266344,96.532545,0,0,1,,,,1.3E-5,14.38151,112.55874,6.0287891,0
3873390.2,,5905,10.5387,10.6152,-0.056,9.3E-6,10.617791,0.21650016,64.016034,0.1104,30.667602,0.06691,94.683636,0.1104,13.415127,7.3368881,0.055001996,96.585006,0,0,1,,,,1.3115E-5,14.7898,112.73749,6.029129,0
3873606.77,,5905,10.8365,10.9169,-0.056,9.3E-6,10.91506,0.21659649,66.406954,0.1314,32.719745,0.07354,99.126699,0.1314,0.59060129,7.4442489,0.057329687,96.527935,0,0,1,,,,1.3533E-5,14.67378,119.13853,6.0839752,0
3873671.75,,5905,10.8416,10.9213,-0.056,9.3E-6,10.923903,0.22353802,66.32842,0.1207,32.786315,0.07374,99.114735,0.1207,7.7718414,7.4195223,0.057611841,96.503335,0,0,1,,,,1.3577E-5,14.8885,119.33165,6.071861,0
3873887.22,,5905,11.1411,11.2217,-0.056,9.3E-6,11.222499,0.22307103,69.14518,0.142,34.8875,0.07879,104.03268,0.142,0.68537671,7.5595267,0.060501348,96.422394,0,0,1,,,,1.3989E-5,14.83904,125.94449,6.1612995,0
3873953,,5905,11.1452,11.226,-0.056,9.4E-6,11.231016,0.2296428,69.208851,0.1291,34.952056,0.07891,104.16091,0.1291,2.9064452,7.5236547,0.059094187,96.489878,0,0,1,,,,1.4069E-5,15.11905,126.13572,6.1622965,0
3874170.19,,5905,11.4428,11.5249,-0.056,9.3E-6,11.527923,0.22955485,71.826835,0.142,37.0729,0.08124,108.89973,0.142,0.8003956,7.6492742,0.06128976,96.446236,0,0,1,,,,1.4467E-5,15.04731,132.893,6.2306833,0
3874236.95,,5905,11.4489,11.5304,-0.056,9.4E-6,11.53663,0.23449634,71.924684,0.1318,37.126548,0.08127,109.05123,0.1318,12.871681,7.6022096,0.060547852,96.467545,0,0,1,,,,1.4575E-5,15.29855,133.09382,6.2344625,0
3874455.7,,5905,11.7474,11.8294,-0.056,9.2E-6,11.835376,0.2346731,74.858062,0.1474,39.305482,0.08212,114.16354,0.1474,1.1360797,7.7783869,0.064043607,96.369536,0,0,1,,,,1.4917E-5,15.20442,140.07613,6.3249415,0
3874524.34,,5905,11.7526,11.8344,-0.056,9.3E-6,11.844867,0.24117429,74.863492,0.1389,39.379316,0.08214,114.24281,0.1389,5.3061513,7.7294443,0.062645155,96.428235,0,0,1,,,,1.5017E-5,15.55677,140.30087,6.3203321,0
3874742.55,,5905,12.0518,12.1338,-0.056,9.3E-6,12.142377,0.24061779,77.888242,0.1558,41.60466,0.08339,119.4929,0.1558,0.61591413,7.8594508,0.065686609,96.335747,0,0,1,,,,1.5452E-5,15.45889,147.43732,6.4145793,0
3874810.22,,5905,12.0571,12.14,-0.056,9.3E-6,12.150655,0.24750919,77.904779,0.1478,41.672736,0.08345,119.57751,0.1478,0.94745259,7.847523,0.064782333,96.382168,0,0,1,,,,1.5482E-5,15.7189,147.63841,6.4115703,0
3875028.91,,5905,12.3546,12.438,-0.056,9.3E-6,12.445784,0.24688753,81.019702,0.1635,43.949807,0.08698,124.96951,0.1635,1.0621753,7.9789086,0.067297121,96.320521,0,0,1,,,,1.5916E-5,15.69505,154.89753,6.5098113,0
3875097.41,,5905,12.3603,12.4429,-0.056,9.3E-6,12.454683,0.25342952,81.098417,0.151,44.024589,0.08715,125.12301,0.151,16.543307,7.9556661,0.066586819,96.34943,0,0,1,,,,1.598E-5,15.95782,155.11912,6.51148,0
3875318.08,,5905,12.6586,12.7443,-0.056,9.2E-6,12.749783,0.25340282,84.174563,0.169,46.379195,0.09374,130.55376,0.169,0.94232734,8.1396018,0.070410848,96.245201,0,0,1,,,,1.6302E-5,15.91133,162.55698,6.6020386,0
3875388.34,,5905,12.6644,12.7481,-0.056,9.3E-6,12.760265,0.2602143,84.266289,0.1544,46.453936,0.09398,130.72022,0.1544,34.357348,8.0640127,0.067685639,96.356714,0,0,1,,,,1.6467E-5,16.2792,162.82436,6.6038041,0
3875608.72,,5905,12.9615,13.0502,-0.056,9.4E-6,13.054279,0.25971099,87.427514,0.1875,48.882342,0.1025,136.30986,0.1875,0.9421402,8.2940514,0.073302506,96.181473,0,0,1,,,,1.6706E-5,16.12803,170.41419,6.6972306,0
3875679.16,,5905,12.9676,13.0562,-0.056,9.2E-6,13.064171,0.26685729,87.543808,0.1676,48.954279,0.1028,136.49809,0.1676,12.184388,8.2198458,0.070604352,96.288391,0,0,1,,,,1.6872E-5,16.5881,170.67255,6.7010613,0
3875900.11,,5905,13.2647,13.3535,-0.056,9.2E-6,13.358072,0.26501619,91.013073,0.1976,51.423395,0.112,142.43647,0.1976,1.0674894,8.4313559,0.075238539,96.156843,0,0,1,,,,1.7172E-5,16.43969,178.43809,6.813339,0
3875971.25,,5905,13.2705,13.358,-0.056,9.4E-6,13.368445,0.27322355,90.862949,0.1863,51.516762,0.1124,142.37971,0.1863,1.1287999,8.3631346,0.073076471,96.240253,0,0,1,,,,1.7298E-5,16.86271,178.71533,6.7968224,0
3876192.84,,5905,13.5692,13.6601,-0.056,9.3E-6,13.663728,0.27263099,94.409815,0.2024,54.045986,0.1212,148.4558,0.2024,1.0734271,8.5397769,0.076477155,96.158201,0,0,1,,,,1.7668E-5,16.72627,186.69746,6.909521,0
3876265.97,,5905,13.5742,13.664,-0.056,9.3E-6,13.673713,0.27871886,94.504836,0.1987,54.136221,0.1214,148.64106,0.1987,1.5136558,8.486177,0.075069865,96.205524,0,0,1,,,,1.7797E-5,17.07955,186.97043,6.9114245,0
3876487.91,,5905,13.8724,13.9634,-0.056,9.3E-6,13.968584,0.27832716,98.173231,0.2206,56.703196,0.1286,154.87643,0.2206,1.1339911,8.7000374,0.079505146,96.09033,0,0,1,,,,1.8096E-5,16.97235,195.12133,7.028145,0
3876561.41,,5905,13.8792,13.9686,-0.056,9.3E-6,13.979683,0.28561543,98.219622,0.1959,56.789533,0.1288,155.00915,0.1959,8.1705333,8.6248784,0.076678786,96.196933,0,0,1,,,,1.826E-5,17.40007,195.43155,7.0258832,0
3876783.55,,5905,14.1758,14.2671,-0.056,9.4E-6,14.27342,0.2839724,101.93935,0.223,59.4045,0.1348,161.34385,0.223,1.0411046,8.8444538,0.082224282,96.033257,0,0,1,,,,1.8546E-5,17.24976,203.73053,7.1419006,0
3876857.44,,5905,14.1814,14.2726,-0.056,9.3E-6,14.285207,0.29174554,101.89828,0.2122,59.499002,0.135,161.39728,0.2122,6.9568619,8.7783348,0.079539751,96.135385,0,0,1,,,,1.8683E-5,17.68891,204.06715,7.1331325,0
3877081.02,,5905,14.48,14.5707,-0.056,9.2E-6,14.578486,0.29020207,105.3255,0.2304,62.140075,0.1404,167.46557,0.2304,1.1070893,8.9548567,0.082422875,96.086105,0,0,1,,,,1.9005E-5,17.55667,212.53225,7.2247214,0
3877155.88,,5905,14.4854,14.5774,-0.056,9.3E-6,14.589172,0.29787033,105.57658,0.2183,62.243471,0.1406,167.82005,0.2183,3.2510539,8.9158065,0.081458917,96.113954,0,0,1,,,,1.9127E-5,17.90971,212.84395,7.2366394,0
3877381.39,,5905,14.7835,14.876,-0.056,9.2E-6,14.884611,0.2961426,109.06233,0.2495,64.955165,0.1459,174.0175,0.2495,0.87073737,9.0913909,0.085095285,96.030784,0,0,1,,,,1.9455E-5,17.83161,221.55164,7.3271875,0
3877456.34,,5905,14.7885,14.8801,-0.056,9.4E-6,14.895242,0.30386586,109.1749,0.2369,65.059585,0.1461,174.23448,0.2369,1.2010437,9.0360772,0.083322285,96.089883,0,0,1,,,,1.9593E-5,18.18278,221.86824,7.3295147,0
3877774.98,,5905,14.9824,15.0967,-0.056,9.3E-6,15.095811,0.2950725,111.96034,0.2428,66.941323,0.1499,178.90166,0.2428,3.7060803,9.1703559,0.085641982,96.043846,0,0,1,,,,1.9826E-5,17.03059,227.88351,7.4166496,0
3877851,,5905,14.9884,15.1009,-0.056,9.3E-6,15.110424,0.31016979,111.90398,0.2415,67.078665,0.1502,178.98264,0.2415,2.1025853,9.2152817,0.085179926,96.086799,0,0,1,,,,1.9735E-5,18.34071,228.32491,7.4057472,0
3878095.14,,5905,16.0267,16.1247,-0.056,9.3E-6,16.134755,0.3158465,124.70923,0.3019,77.056946,0.1753,201.76618,0.3019,0.47524873,9.6375398,0.092567703,95.967525,0,0,1,,,,2.1275E-5,18.43056,260.33031,7.72923,0
3878173.77,,5905,16.0339,16.1294,-0.056,9.3E-6,16.148423,0.33046129,125.04122,0.2726,77.210663,0.1758,202.25189,0.2726,2.5507527,9.622772,0.092422249,95.966988,0,0,1,,,,2.1359E-5,19.27508,260.77155,7.743247,0
3878418.86,,5905,17.0726,17.161,-0.056,9.3E-6,17.177623,0.33606387,138.97034,0.3313,87.836859,0.202,226.8072,0.3313,0.67077835,10.144114,0.099447697,95.908417,0,0,1,,,,2.272E-5,19.24554,295.07072,8.0901964,0
3878501.2,,5905,17.0711,17.1593,-0.056,9.3E-6,17.182785,0.35071014,139.30349,0.316,87.884468,0.2021,227.18795,0.316,0.61261812,10.046698,0.095722192,96.02067,0,0,1,,,,2.2969E-5,20.28823,295.24811,8.1071539,0
3878749.91,,5905,18.107,18.2221,-0.056,9.2E-6,18.227263,0.35536676,154.74716,0.4066,99.109298,0.2209,253.85646,0.4066,0.32574838,10.720659,0.10894425,95.773876,0,0,1,,,,2.4072E-5,20.0934,332.23311,8.489874,0
3878835.09,,5905,18.1166,18.225,-0.056,9.3E-6,18.244677,0.37419587,154.28016,0.342,99.296532,0.2212,253.57669,0.342,1.0385845,10.591364,0.10391178,95.923332,0,0,1,,,,2.4322E-5,21.44132,332.86824,8.456174,0
3879085.03,,5905,19.1511,19.2469,-0.056,9.3E-6,19.260255,0.37625576,170.31203,0.3882,110.66643,0.236,280.97846,0.3882,3.6561913,11.265084,0.11596923,95.73408,0,0,1,,,,2.5355E-5,21.18273,370.95743,8.8426675,0
3879187.75,,5905,19.1594,19.2524,-0.056,9.3E-6,19.280314,0.39640847,170.31626,0.3653,110.89406,0.2362,281.21031,0.3653,7.9505848,11.157703,0.11147848,95.86054,0,0,1,,,,2.5607E-5,22.53017,371.73049,8.833687,0
3879447.09,,5905,20.1818,20.3267,-0.056,9.3E-6,20.323593,0.39895926,187.44404,0.4719,123.06046,0.2469,310.5045,0.4719,0.23564405,11.947381,0.13023249,95.496555,0,0,1,,,,2.6441E-5,22.31541,413.04843,9.2229774,0
3879539.39,,5905,20.1959,20.3327,-0.056,9.3E-6,20.350534,0.4217571,187.29234,0.3505,123.35113,0.2472,310.64347,0.3505,1.2890393,11.692956,0.11810954,95.826584,0,0,1,,,,2.6992E-5,23.89476,414.14423,9.2033134,0
3879797.52,,5905,21.2357,21.3321,-0.056,9.3E-6,21.354291,0.41947192,202.2821,0.3911,135.47858,0.2626,337.76069,0.3911,1.061257,12.158535,0.12641908,95.721498,0,0,1,,,,2.823E-5,23.38591,456.00575,9.4726677,0
3879906.22,,5905,21.2417,21.3414,-0.056,9.3E-6,21.372394,0.43741041,203.16284,0.3758,135.70497,0.263,338.86782,0.3758,15.360197,12.231448,0.12698493,95.725364,0,0,1,,,,2.8154E-5,24.31707,456.77922,9.5058535,0
3880178.59,,5905,22.2661,22.4236,-0.056,9.3E-6,22.423272,0.4430009,221.106,0.5302,148.89169,0.2874,369.99769,0.5302,0.27316469,13.029754,0.14295832,95.493365,0,0,1,,,,2.888E-5,24.4629,502.80312,9.8605592,0
3880277.88,,5905,22.2846,22.423,-0.056,9.2E-6,22.452546,0.46611627,220.43489,0.4183,149.22932,0.2882,369.66421,0.4183,0.56635782,12.724577,0.12822804,95.861597,0,0,1,,,,2.9502E-5,26.05951,504.1168,9.8178127,0
3880537.66,,5905,23.3145,23.435,-0.056,9.4E-6,23.452776,0.46297548,238.22413,0.532,162.06908,0.32,400.29321,0.532,0.32659455,13.41074,0.14612066,95.534097,0,0,1,,,,3.0348E-5,25.44915,550.03268,10.157609,0
3880655.16,,5905,23.3239,23.4425,-0.056,9.3E-6,23.477864,0.48584243,238.21328,0.4303,162.36708,0.3209,400.58036,0.4303,21.561816,13.302156,0.14023273,95.679146,0,0,1,,,,3.06E-5,26.82148,551.21008,10.146293,0
3880920.14,,5905,24.3525,24.4943,-0.056,9.3E-6,24.509338,0.48703032,256.34937,0.6027,175.6437,0.3722,431.99307,0.6027,0.2896632,14.008745,0.15566476,95.453441,0,0,1,,,,3.1361E-5,26.60431,600.70766,10.459253,0
3881024.83,,5905,24.3675,24.5032,-0.056,9.3E-6,24.537436,0.50795981,256.7412,0.4969,175.97202,0.3736,432.71322,0.4969,2.14424,13.781579,0.1475161,95.618778,0,0,1,,,,3.191E-5,28.01749,602.08575,10.463245,0
3881294.61,,5905,25.3922,25.5429,-0.056,9.3E-6,25.559063,0.50875087,275.35062,0.671,189.35423,0.4312,464.70485,0.671,0.25565038,14.52118,0.15976462,95.501282,0,0,1,,,,3.2537E-5,27.56316,653.26571,10.773111,0
3881420.09,,5905,25.4107,25.5474,-0.056,9.4E-6,25.587159,0.53029257,275.67486,0.5503,189.69591,0.4324,465.37077,0.5503,13.45313,14.329772,0.15283419,95.637895,0,0,1,,,,3.3001E-5,29.04236,654.70273,10.773953,0
3881709.64,,5905,26.4369,26.5964,-0.056,9.4E-6,26.617231,0.53121951,293.97516,0.7296,203.82792,0.4627,497.80307,0.7296,0.18936548,15.036192,0.16685825,95.470656,0,0,1,,,,3.3661E-5,28.65954,708.47699,11.044543,0
3881838.53,,5905,26.4549,26.5951,-0.056,9.4E-6,26.641622,0.55306966,293.69492,0.578,204.13261,0.4628,497.82753,0.578,7.3163526,14.78384,0.15424291,95.740573,0,0,1,,,,3.4201E-5,30.07238,709.776,11.023913,0
3882129.5,,5905,27.478,27.6593,-0.056,9.2E-6,27.674124,0.55335818,312.19305,0.7846,219.03657,0.4535,531.22962,0.7846,0.14413209,15.586345,0.17426857,95.447837,0,0,1,,,,3.4651E-5,29.56768,765.85713,11.281046,0
3882262.48,,5905,27.5037,27.6372,-0.056,9.4E-6,27.696858,0.57514279,311.47272,0.6212,219.31849,0.4532,530.79122,0.6212,0.48648405,15.172277,0.15880483,95.73809,0,0,1,,,,3.5526E-5,31.17269,767.11594,11.245778,0
3882571.67,,5905,28.5264,28.7094,-0.056,9.3E-6,28.730826,0.57224154,331.6574,0.7807,234.55898,0.4529,566.21637,0.7807,0.2474126,16.081589,0.1832708,95.368596,0,0,1,,,,3.5803E-5,30.34455,825.46038,11.543608,0
3882709.31,,5905,28.549,28.6802,-0.056,9.3E-6,28.743285,0.59673034,331.13993,0.6592,234.68993,0.4531,565.82986,0.6592,0.28313103,15.593094,0.16187287,95.777922,0,0,1,,,,3.6841E-5,32.16318,826.17643,11.520602,0
3883027.69,,5905,29.5734,29.7502,-0.056,9.3E-6,29.781411,0.59005678,351.33134,0.7666,249.86823,0.5168,601.19957,0.7666,0.3388065,16.51059,0.18630801,95.418575,0,0,1,,,,3.7017E-5,31.18619,886.93244,11.797001,0
3883185.41,,5905,29.5921,29.7185,-0.056,9.3E-6,29.78585,0.61756902,351.11203,0.7164,249.92684,0.5173,601.03887,0.7164,0.34616802,16.193351,0.1726725,95.668242,0,0,1,,,,3.7696E-5,33.02118,887.19687,11.78788,0
3883530.8,,5905,30.6243,30.7893,-0.056,9.4E-6,30.835674,0.61270487,370.61389,0.806,265.15262,0.6458,635.7665,0.806,1.3335507,16.804798,0.18596743,95.510966,0,0,1,,,,3.8444E-5,32.3867,950.83879,12.018997,0
3883672.09,,5905,30.6352,30.757,-0.056,9.4E-6,30.832241,0.63493102,371.29953,0.8749,265.10027,0.6453,636.3998,0.8749,0.17514625,16.686679,0.17771949,95.675877,0,0,1,,,,3.8731E-5,33.6096,950.6271,12.042574,0
3884026.13,,5905,31.6751,31.8316,-0.056,9.4E-6,31.890432,0.63203116,391.37918,0.9276,280.7901,0.7669,672.16928,0.9276,0.56966887,17.156809,0.1823934,95.687593,0,0,1,,,,3.9783E-5,33.37336,1016.9996,12.272621,0
3884190.02,,5905,31.6776,31.7939,-0.056,9.3E-6,31.87379,0.65392047,392.36433,0.9293,280.54806,0.7655,672.91239,0.9293,0.33542949,17.188828,0.18595573,95.609748,0,0,1,,,,3.9766E-5,34.31362,1015.9385,12.309937,0
3884726.58,,5905,32.7175,32.8325,-0.056,9.3E-6,32.905602,0.6542921,413.07738,0.9666,296.5877,0.8082,709.66508,0.9666,0.38098101,17.778135,0.19534942,95.545248,0,0,1,,,,4.0556E-5,34.37766,1082.7786,12.553406,0
3884875.17,,5905,32.7108,32.836,-0.056,9.3E-6,32.91376,0.6772078,412.97905,0.9561,296.72826,0.8081,709.70731,0.9561,0.57521096,17.810482,0.19665457,95.524514,0,0,1,,,,4.0487E-5,35.55627,1083.3156,12.547307,0
3885241.92,,5905,33.7625,33.9052,-0.056,9.4E-6,33.981532,0.6747805,432.35094,0.9015,314.08253,0.7685,746.43348,0.9015,2.5051216,18.124911,0.19721252,95.59777,0,0,1,,,,4.1826E-5,35.62096,1154.7445,12.723115,0
3885392.97,,5905,33.7609,33.878,-0.056,9.3E-6,33.967913,0.69459477,431.84652,0.9828,313.86189,0.7693,745.7084,0.9828,0.18275007,18.145856,0.19787686,95.588541,0,0,1,,,,4.1738E-5,36.24982,1153.8191,12.713366,0
3885925.98,,5905,34.8015,34.9258,-0.056,9.4E-6,35.003107,0.69674318,450.32618,0.9227,331.16392,0.7047,781.4901,0.9227,0.28214883,18.685147,0.20855663,95.495569,0,0,1,,,,4.2487E-5,36.29171,1225.2175,12.86532,0
3886079.95,,5905,34.7943,34.9196,-0.056,9.2E-6,35.00726,0.71885719,451.35573,0.892,331.25168,0.7044,782.60741,0.892,0.52319223,18.841799,0.21189046,95.460467,0,0,1,,,,4.22E-5,37.37029,1225.5082,12.893204,0
3887209.83,,5905,35.9868,36.1452,-0.056,9.3E-6,36.201929,0.70476532,473.79253,0.8777,351.48116,0.6695,825.27368,0.8777,16.021836,19.618543,0.23262413,95.22628,0,0,1,,,,4.277E-5,34.88915,1310.5797,13.087494,0
3887370.08,,5905,35.999,36.1427,-0.056,9.2E-6,36.236185,0.7534752,473.33328,0.8584,351.99144,0.6697,825.32472,0.8584,1.0341595,19.418787,0.22263415,95.383924,0,0,1,,,,4.3186E-5,39.23709,1313.0611,13.062448,0
3887900.13,,5905,37.0083,37.131,-0.056,9.3E-6,37.228346,0.74537074,492.37131,0.9143,368.76556,0.6868,861.13687,0.9143,0.39646071,19.796167,0.23013662,95.325948,0,0,1,,,,4.4206E-5,38.83757,1385.9498,13.22571,0
3888062.33,,5905,36.9993,37.1389,-0.056,9.2E-6,37.233562,0.76591415,492.81965,0.872,368.86399,0.6869,861.68364,0.872,1.6415282,19.900368,0.22919882,95.368225,0,0,1,,,,4.3996E-5,39.59233,1386.3381,13.235899,0
3888594.44,,5905,38.0072,38.1323,-0.056,9.3E-6,38.234984,0.7666095,512.06526,0.9839,385.97982,0.7257,898.04508,0.9839,0.30094078,20.222707,0.23157255,95.399857,0,0,1,,,,4.5112E-5,39.80074,1461.914,13.392585,0
3888760.52,,5905,38.0029,38.1345,-0.056,9.3E-6,38.239671,0.78308233,513.2873,0.9384,386.06858,0.726,899.35588,0.9384,0.81013192,20.377264,0.23792965,95.30912,0,0,1,,,,4.4851E-5,40.44541,1462.2724,13.4229,0
3889293.44,,5905,39.0072,39.1335,-0.056,9.3E-6,39.242589,0.7870016,532.12237,1.052,403.39111,0.7865,935.51348,1.052,0.23132209,20.713735,0.23742372,95.399778,0,0,1,,,,4.5877E-5,40.75453,1539.9808,13.559818,0
3889462.14,,5905,38.9995,39.1339,-0.056,9.3E-6,39.24622,0.80516523,533.3978,0.974,403.46543,0.7868,936.86323,0.974,0.70394281,20.862225,0.24412513,95.303385,0,0,1,,,,4.5633E-5,41.42747,1540.2658,13.591062,0
3890000.63,,5905,40.0056,40.137,-0.056,9.3E-6,40.248091,0.80690408,552.56651,1.089,420.93927,0.8688,973.50578,1.089,0.34675736,21.170232,0.24428379,95.373023,0,0,1,,,,4.6712E-5,41.72445,1619.9088,13.729011,0
3890171.22,,5905,39.9985,40.1413,-0.056,9.2E-6,40.250274,0.82452367,553.64789,1.066,421.02462,0.8693,974.67252,1.066,0.78739736,21.320663,0.25028004,95.292814,0,0,1,,,,4.6452E-5,42.34046,1620.0845,13.755134,0
3891377.39,,5905,5.19069,5.2843,-0.056,9.2E-6,5.2671672,0.10504875,93.549957,0.2619,5.0722693,0.01402,98.622226,0.2619,0.31769615,19.443049,0.020624503,97.786218,0,0,1,,,,5.1758E-6,34.60243,27.74305,17.760962,0
3891516.03,,5905,5.19414,5.2889,-0.056,9.3E-6,5.277727,0.11089859,94.093739,0.2016,5.0985991,0.01407,99.192338,0.2016,2.4505237,18.896443,0.018365088,97.973722,0,0,1,,,,5.347E-6,38.8861,27.854403,17.828459,0
3891952.11,,5905,5.23765,5.3358,-0.056,9.3E-6,5.3180984,0.10806925,94.69335,0.1818,5.2117185,0.01425,99.905068,0.1818,0.20157367,19.219663,0.02048781,97.805473,0,0,1,,,,5.303E-6,37.79289,28.282171,17.805866,0
3892090.06,,5905,5.24006,5.3384,-0.056,9.2E-6,5.326477,0.11192736,94.11663,0.133,5.2349653,0.01428,99.351596,0.133,0.37137979,18.823613,0.020110809,97.821607,0,0,1,,,,5.3836E-6,38.43933,28.371357,17.669584,0
3892529.95,,5905,5.28214,5.3807,-0.056,9.2E-6,5.3658895,0.11271718,90.63084,0.3928,5.3488513,0.01437,95.979691,0.3928,1.1623368,18.648267,0.023717403,97.535143,0,0,1,,,,5.263E-6,37.64723,28.79277,16.89018,0
3892663.16,,5905,5.28587,5.3886,-0.056,9.4E-6,5.3713101,0.11570856,89.288229,0.4107,5.3648656,0.01438,94.653094,0.4107,6.5293633,18.270301,0.025091046,97.377305,0,0,1,,,,5.305E-6,37.29653,28.850972,16.623175,0
3893120.88,,5905,5.32761,5.4297,-0.056,9.3E-6,5.4114671,0.12190207,79.674747,0.7688,5.4837272,0.01441,85.158475,0.7688,8.8274466,17.199651,0.033036131,96.730604,0,0,1,,,,5.098E-6,36.5406,29.283976,14.723317,0
3893246.95,,5905,5.32974,5.4336,-0.056,9.3E-6,5.4153863,0.1216298,78.279955,0.7696,5.4962806,0.01441,83.776235,0.7696,29.053927,16.688852,0.031533735,96.842343,0,0,1,,,,5.1631E-6,34.3993,29.326409,14.455101,0
3893676.02,,5905,5.37141,5.4765,-0.056,9.3E-6,5.4568218,0.13137314,65.941592,0.8463,5.6206513,0.0144,71.562243,0.8463,12.081299,14.974968,0.042005863,96.010789,0,0,1,,,,4.9479E-6,33.3777,29.776905,12.084249,0
3893805.28,,5905,5.37459,5.4776,-0.056,9.4E-6,5.4602119,0.12715267,64.826756,0.8238,5.6313883,0.01439,70.458145,0.8238,105.68154,14.288877,0.035462158,96.540674,0,0,1,,,,5.0809E-6,29.94994,29.813914,11.872572,0
3894204.34,,5905,5.41414,5.5197,-0.056,9.3E-6,5.501218,0.13215037,55.556721,0.5806,5.7548552,0.01435,61.311576,0.5806,8.6922603,12.414466,0.037632299,96.348333,0,0,1,,,,5.0929E-6,28.57775,30.2634,10.098986,0
3894316.92,,5905,5.41814,5.5231,-0.056,9.3E-6,5.5037153,0.12492533,54.96105,0.5105,5.7625347,0.01435,60.723585,0.5105,44.275409,11.794908,0.028719158,97.110929,0,0,1,,,,5.2741E-6,24.82893,30.290882,9.9861724,0
3894678.03,,5905,5.45571,5.5597,-0.056,9.4E-6,5.5439443,0.12518958,50.087738,0.3154,5.885855,0.01431,55.973593,0.3154,3.2837492,10.647611,0.026694829,97.290579,0,0,1,,,,5.3744E-6,23.58982,30.735318,9.0346756,0
3894764,,5905,5.46053,5.5662,-0.056,9.4E-6,5.5473274,0.12073666,49.767309,0.2377,5.8977624,0.0143,55.665072,0.2377,27.210716,10.385947,0.02615318,97.297054,0,0,1,,,,5.479E-6,21.29522,30.772841,8.971403,0
3895100.95,,5905,5.50078,5.609,-0.056,9.3E-6,5.5859299,0.12136333,46.74894,0.1513,6.0160026,0.01427,52.764943,0.1513,1.1476643,9.8132677,0.026191299,97.315933,0,0,1,,,,5.4936E-6,20.77189,31.202613,8.3690524,0
3895181.86,,5905,5.50317,5.6118,-0.056,9.3E-6,5.5907588,0.12010814,46.58762,0.1616,6.0319674,0.01427,52.619588,0.1616,7.7832465,9.6307425,0.025305562,97.370997,0,0,1,,,,5.5797E-6,19.62654,31.256584,8.3329692,0
3895518.52,,5905,5.54344,5.6509,-0.056,9.3E-6,5.6312718,0.11743107,45.894722,0.08629,6.1579981,0.01427,52.05272,0.08629,0.4122151,9.1603652,0.018466506,98.045805,0,0,1,,,,5.7706E-6,19.26148,31.711223,8.1499744,0
3895594.25,,5905,5.54728,5.6545,-0.056,9.3E-6,5.6355771,0.11724074,45.627743,0.07508,6.1740772,0.01427,51.80182,0.07508,4.3518353,9.1679576,0.021868112,97.698103,0,0,1,,,,5.7538E-6,18.32073,31.75973,8.0963745,0
3895908.89,,5905,5.58606,5.6935,-0.056,9.3E-6,5.6729328,0.11650586,45.151406,0.08001,6.2913933,0.01431,51.442799,0.08001,0.16663439,9.0311983,0.021499661,97.754429,0,0,1,,,,5.7972E-6,18.33592,32.182166,7.9590941,0
3895983.77,,5905,5.59222,5.702,-0.056,9.3E-6,5.6789949,0.11849437,44.986739,0.09635,6.3110186,0.01432,51.297757,0.09635,0.36655963,8.9630878,0.02159092,97.739273,0,0,1,,,,5.8253E-6,18.0624,32.250983,7.9216023,0
